25620759;41.1488;-8.612135;-0.1503101;0.718182
25632283;41.15503;-8.618997;-0.1504299;0.7182907
25632285;41.15416;-8.61333;-0.150331;0.7182757
25632292;41.15287;-8.613593;-0.1503356;0.7182531
25632401;41.15049;-8.608911;-0.1502538;0.7182115
25632374;41.15522;-8.611936;-0.1503066;0.7182941
25632375;41.15517;-8.610028;-0.1502733;0.7182932
25632404;41.14922;-8.6095;-0.1502641;0.7181893
25632413;41.15133;-8.604275;-0.1501729;0.7182263
25632403;41.14964;-8.609517;-0.1502644;0.7181967
25632426;41.15328;-8.602441;-0.1501409;0.7182602
25632427;41.15326;-8.600788;-0.1501121;0.7182599
25632448;41.1547;-8.603825;-0.1501651;0.718285
25632399;41.15111;-8.607389;-0.1502273;0.7182223
25632445;41.15228;-8.60487;-0.1501833;0.7182428
25632522;41.15454;-8.600574;-0.1501083;0.7182822
25632450;41.15508;-8.605576;-0.1501956;0.7182917
25632398;41.15092;-8.606738;-0.1502159;0.7182191
25632417;41.15117;-8.608475;-0.1502462;0.7182233
25632416;41.15231;-8.606874;-0.1502183;0.7182432
25632452;41.15442;-8.605941;-0.150202;0.7182801
122452417;41.16153;-8.601695;-0.1501279;0.7184042
128560274;41.1578;-8.612404;-0.1503148;0.7183391
128560275;41.15734;-8.612653;-0.1503191;0.7183312
128560448;41.16499;-8.610975;-0.1502899;0.7184646
128560449;41.16301;-8.611087;-0.1502918;0.71843
129548931;41.16409;-8.608547;-0.1502475;0.7184489
129548932;41.16443;-8.608523;-0.1502471;0.7184549
129549662;41.15663;-8.611903;-0.1503061;0.7183186
129552045;41.15679;-8.607672;-0.1502322;0.7183214
129552046;41.15759;-8.607174;-0.1502235;0.7183354
129552048;41.15917;-8.606129;-0.1502053;0.718363
137982795;41.15524;-8.619098;-0.1504316;0.7182944
137993249;41.16064;-8.611589;-0.1503006;0.7183886
137994581;41.15749;-8.608109;-0.1502399;0.7183338
137994720;41.15897;-8.608397;-0.1502449;0.7183595
137994655;41.15834;-8.606675;-0.1502148;0.7183486
138195760;41.15865;-8.593307;-0.1499815;0.718354
138196470;41.15928;-8.592937;-0.149975;0.718365
138205500;41.16532;-8.606357;-0.1502093;0.7184704
138208399;41.15905;-8.620139;-0.1504498;0.7183609
138208401;41.15864;-8.619913;-0.1504459;0.7183537
138252202;41.15691;-8.60008;-0.1500997;0.7183236
25632366;41.15168;-8.613873;-0.1503405;0.7182323
475396372;41.15574;-8.61192;-0.1503064;0.7183032
475396373;41.15573;-8.61158;-0.1503004;0.718303
475396375;41.15586;-8.610868;-0.150288;0.7183053
297369446;41.15095;-8.594198;-0.1499971;0.7182196
299610698;41.16432;-8.590618;-0.1499346;0.7184529
299610705;41.16571;-8.598514;-0.1500724;0.7184772
299610928;41.16463;-8.599323;-0.1500865;0.7184584
299610932;41.1652;-8.597468;-0.1500541;0.7184683
299610930;41.16383;-8.598489;-0.1500719;0.7184443
299610936;41.16428;-8.598958;-0.1500801;0.7184522
299610949;41.16366;-8.597753;-0.1500591;0.7184414
299611375;41.16367;-8.593452;-0.149984;0.7184415
299611377;41.1635;-8.593022;-0.1499765;0.7184386
299611379;41.16317;-8.592731;-0.1499715;0.7184328
299611381;41.16143;-8.59415;-0.1499962;0.7184024
299611382;41.1614;-8.593864;-0.1499912;0.718402
299611383;41.16141;-8.59364;-0.1499873;0.7184021
299611384;41.16149;-8.593434;-0.1499837;0.7184035
299611387;41.16185;-8.592836;-0.1499733;0.7184099
299611385;41.16161;-8.593185;-0.1499794;0.7184056
299611386;41.16172;-8.593006;-0.1499763;0.7184075
299611394;41.16362;-8.593228;-0.1499801;0.7184407
299611395;41.16334;-8.592868;-0.1499738;0.7184358
299611403;41.16369;-8.593656;-0.1499876;0.718442
299611401;41.16365;-8.59764;-0.1500571;0.7184412
299611499;41.16261;-8.593892;-0.1499917;0.7184231
299611503;41.16314;-8.593778;-0.1499897;0.7184322
299611581;41.16251;-8.593914;-0.1499921;0.7184213
299611634;41.16291;-8.592563;-0.1499685;0.7184283
299611684;41.16375;-8.598323;-0.150069;0.7184429
299611716;41.16475;-8.60035;-0.1501044;0.7184605
299612343;41.16215;-8.595682;-0.150023;0.718415
299612344;41.16194;-8.594037;-0.1499942;0.7184114
299612407;41.16243;-8.596418;-0.1500358;0.7184199
299614241;41.15663;-8.594469;-0.1500018;0.7183186
299614300;41.15619;-8.598369;-0.1500698;0.718311
299614301;41.15705;-8.598343;-0.1500694;0.718326
299614252;41.15921;-8.597707;-0.1500583;0.7183638
299614331;41.158;-8.596461;-0.1500366;0.7183425
299614398;41.15622;-8.595124;-0.1500132;0.7183115
299614401;41.15786;-8.596632;-0.1500395;0.7183402
299614420;41.15792;-8.595581;-0.1500212;0.7183412
299614513;41.15542;-8.598703;-0.1500757;0.7182976
299614515;41.15462;-8.598995;-0.1500808;0.7182836
299614524;41.15515;-8.598832;-0.1500779;0.7182929
299614527;41.1544;-8.598961;-0.1500802;0.7182797
299614518;41.15366;-8.598978;-0.1500805;0.7182668
316511863;41.16769;-8.610824;-0.1502872;0.7185117
343634647;41.1664;-8.603319;-0.1501562;0.7184892
343634630;41.16848;-8.596605;-0.1500391;0.7185255
343646660;41.16398;-8.605304;-0.1501909;0.718447
343646768;41.16458;-8.626095;-0.1505538;0.7184574
343646649;41.16541;-8.606366;-0.1502094;0.718472
343646669;41.16599;-8.600755;-0.1501115;0.7184821
343646709;41.16679;-8.610858;-0.1502878;0.718496
343646810;41.16436;-8.624329;-0.1505229;0.7184537
343646841;41.15917;-8.614017;-0.150343;0.718363
353286182;41.15594;-8.61726;-0.1503996;0.7183067
353287405;41.15875;-8.604535;-0.1501775;0.7183557
122452407;41.16051;-8.593513;-0.1499851;0.7183865
402007436;41.15993;-8.600876;-0.1501136;0.7183763
402016670;41.15968;-8.600244;-0.1501026;0.718372
343634629;41.16958;-8.596073;-0.1500298;0.7185448
126643110;41.15902;-8.598628;-0.1500744;0.7183604
404776207;41.15907;-8.598262;-0.150068;0.7183612
404785592;41.16097;-8.597985;-0.1500632;0.7183945
343634631;41.16753;-8.596745;-0.1500415;0.718509
299574281;41.16707;-8.594149;-0.1499962;0.7185009
299610766;41.16455;-8.591254;-0.1499457;0.7184569
411502730;41.16219;-8.598069;-0.1500646;0.7184157
411616468;41.15768;-8.595988;-0.1500283;0.7183371
411842220;41.16001;-8.600846;-0.1501131;0.7183777
411842396;41.15761;-8.593911;-0.149992;0.7183357
126617354;41.15944;-8.601078;-0.1501171;0.7183678
25632447;41.15482;-8.604693;-0.1501802;0.7182871
349907807;41.16455;-8.610997;-0.1502903;0.7184569
126617430;41.16147;-8.609617;-0.1502662;0.7184032
412249452;41.16651;-8.597428;-0.1500534;0.7184912
122452424;41.16217;-8.60686;-0.1502181;0.7184154
122452427;41.16272;-8.61113;-0.1502926;0.7184249
126617428;41.16172;-8.611344;-0.1502963;0.7184075
343646659;41.16197;-8.605276;-0.1501904;0.7184119
25632373;41.15528;-8.613317;-0.1503308;0.7182952
126617356;41.15881;-8.598668;-0.1500751;0.7183567
413564238;41.16308;-8.603273;-0.1501554;0.7184312
414120979;41.15255;-8.591992;-0.1499586;0.7182474
414905254;41.15575;-8.594963;-0.1500104;0.7183034
414905280;41.15546;-8.594161;-0.1499964;0.7182983
414905322;41.15531;-8.593732;-0.1499889;0.7182956
414905326;41.15522;-8.593328;-0.1499819;0.718294
414905331;41.15528;-8.592942;-0.1499751;0.7182952
138194386;41.15802;-8.598815;-0.1500776;0.7183429
415788575;41.16672;-8.603472;-0.1501589;0.7184948
417011929;41.16175;-8.596533;-0.1500378;0.7184082
418198684;41.1654;-8.597453;-0.1500539;0.7184717
299612412;41.16276;-8.595706;-0.1500234;0.7184257
425725651;41.16436;-8.606258;-0.1502075;0.7184536
427277892;41.15578;-8.594072;-0.1499949;0.7183038
138249077;41.15477;-8.595511;-0.15002;0.7182863
427277909;41.1548;-8.595259;-0.1500156;0.7182868
427277889;41.15562;-8.594187;-0.1499969;0.718301
428217537;41.15889;-8.622167;-0.1504852;0.7183582
428217538;41.15899;-8.62251;-0.1504912;0.7183598
428217539;41.1591;-8.622776;-0.1504958;0.7183618
435468997;41.16759;-8.610847;-0.1502876;0.71851
435477342;41.16665;-8.609236;-0.1502595;0.7184936
138198392;41.15728;-8.602475;-0.1501415;0.71833
138198390;41.15924;-8.603166;-0.1501536;0.7183642
452518418;41.15992;-8.604093;-0.1501697;0.7183762
452682279;41.15357;-8.611269;-0.150295;0.7182654
452682282;41.15355;-8.608704;-0.1502502;0.7182649
452682285;41.1536;-8.608993;-0.1502553;0.7182658
452682292;41.15363;-8.611061;-0.1502914;0.7182662
452682295;41.15352;-8.611074;-0.1502916;0.7182645
452682286;41.15361;-8.609977;-0.1502724;0.7182661
452682277;41.15387;-8.609948;-0.1502719;0.7182705
452682274;41.15372;-8.60997;-0.1502723;0.7182679
452682253;41.154;-8.609887;-0.1502709;0.7182728
473240005;41.15923;-8.607093;-0.1502221;0.7183641
122452435;41.16441;-8.624822;-0.1505315;0.7184545
473849954;41.16226;-8.623425;-0.1505072;0.7184169
473874239;41.15769;-8.614063;-0.1503438;0.7183372
473882089;41.15829;-8.613022;-0.1503256;0.7183477
474385798;41.16252;-8.620105;-0.1504492;0.7184215
474541486;41.16067;-8.620936;-0.1504637;0.7183892
474541503;41.16031;-8.618919;-0.1504285;0.7183829
474541483;41.16069;-8.621166;-0.1504677;0.7183896
474541505;41.16019;-8.61869;-0.1504245;0.7183809
474541511;41.16003;-8.618188;-0.1504157;0.7183781
474541506;41.16013;-8.618414;-0.1504197;0.7183799
474546968;41.15929;-8.617134;-0.1503974;0.7183652
474546970;41.15954;-8.617143;-0.1503975;0.7183695
474546983;41.16085;-8.616782;-0.1503912;0.7183923
474546977;41.16029;-8.617075;-0.1503963;0.7183825
474546948;41.16336;-8.616322;-0.1503832;0.7184362
474551135;41.16092;-8.61798;-0.1504121;0.7183936
474676244;41.16067;-8.613068;-0.1503264;0.7183892
474676245;41.16053;-8.613042;-0.1503259;0.7183867
474676248;41.15998;-8.613222;-0.1503291;0.7183772
474676249;41.15981;-8.613428;-0.1503327;0.7183741
474676250;41.1596;-8.613677;-0.150337;0.7183706
474676243;41.16089;-8.613119;-0.1503273;0.718393
474682647;41.16135;-8.615788;-0.1503739;0.7184011
473879878;41.15872;-8.612345;-0.1503138;0.7183552
473879871;41.15865;-8.612082;-0.1503092;0.718354
474677888;41.15919;-8.614038;-0.1503433;0.7183634
474677900;41.15825;-8.614261;-0.1503472;0.718347
474677902;41.15802;-8.614269;-0.1503474;0.718343
474677891;41.15907;-8.614047;-0.1503435;0.7183612
474677896;41.1589;-8.614115;-0.1503447;0.7183583
474677899;41.15845;-8.614207;-0.1503463;0.7183505
474694139;41.16745;-8.615608;-0.1503707;0.7185075
474691703;41.16703;-8.61434;-0.1503486;0.7185001
474690455;41.16605;-8.613374;-0.1503317;0.7184832
474691686;41.16323;-8.615299;-0.1503653;0.718434
474685704;41.16054;-8.616537;-0.1503869;0.7183869
474685697;41.16004;-8.616472;-0.1503858;0.7183782
474694626;41.16352;-8.617475;-0.1504033;0.718439
474695395;41.16407;-8.617378;-0.1504016;0.7184486
474695400;41.16483;-8.618286;-0.1504175;0.7184618
474698118;41.16579;-8.619934;-0.1504462;0.7184787
474697405;41.16463;-8.620046;-0.1504482;0.7184584
474697406;41.16503;-8.619762;-0.1504432;0.7184653
474697407;41.16546;-8.619488;-0.1504384;0.7184728
474697409;41.16577;-8.619275;-0.1504347;0.7184783
474697404;41.16432;-8.620163;-0.1504502;0.7184529
474697403;41.16385;-8.620239;-0.1504516;0.7184447
474728395;41.16553;-8.620422;-0.1504548;0.718474
474728396;41.16519;-8.620474;-0.1504557;0.7184681
474728397;41.16491;-8.620508;-0.1504562;0.7184631
474729164;41.16035;-8.621169;-0.1504678;0.7183836
474780307;41.16145;-8.622989;-0.1504995;0.7184029
474780313;41.16183;-8.623212;-0.1505034;0.7184095
474780271;41.16061;-8.622426;-0.1504897;0.7183883
474701862;41.16692;-8.621769;-0.1504783;0.7184983
474701871;41.16555;-8.622157;-0.150485;0.7184744
474701860;41.1671;-8.621699;-0.150477;0.7185013
474549070;41.16184;-8.618413;-0.1504197;0.7184096
474549073;41.16164;-8.618404;-0.1504195;0.7184061
474549075;41.16145;-8.618422;-0.1504198;0.7184027
474549077;41.16127;-8.618456;-0.1504204;0.7183997
474549081;41.16114;-8.618516;-0.1504215;0.7183974
474549107;41.16145;-8.620147;-0.1504499;0.7184027
474549060;41.16254;-8.618445;-0.1504202;0.7184219
473859813;41.16046;-8.621719;-0.1504774;0.7183855
474549111;41.16143;-8.620499;-0.1504561;0.7184025
474549103;41.16144;-8.619957;-0.1504466;0.7184026
474549101;41.16137;-8.61975;-0.150443;0.7184015
474549115;41.16148;-8.620597;-0.1504578;0.7184033
474549109;41.16144;-8.620365;-0.1504538;0.7184026
473859815;41.16038;-8.621918;-0.1504809;0.7183841
474701469;41.16553;-8.622174;-0.1504853;0.718474
474701471;41.16548;-8.621762;-0.1504781;0.7184731
474701473;41.16537;-8.621076;-0.1504662;0.7184712
474701479;41.16532;-8.620672;-0.1504591;0.7184704
474701460;41.16576;-8.623658;-0.1505112;0.7184781
474794847;41.1662;-8.612157;-0.1503105;0.7184858
474794849;41.16596;-8.612062;-0.1503088;0.7184815
474794851;41.16573;-8.611951;-0.1503069;0.7184774
474794853;41.16546;-8.611831;-0.1503048;0.7184728
474794854;41.16517;-8.611659;-0.1503018;0.7184677
474794856;41.16501;-8.611496;-0.150299;0.7184649
474794857;41.16476;-8.611273;-0.1502951;0.7184606
474794860;41.16459;-8.611127;-0.1502925;0.7184577
474798130;41.16629;-8.613599;-0.1503357;0.7184873
474802727;41.1661;-8.612118;-0.1503098;0.718484
474802735;41.16328;-8.612569;-0.1503177;0.7184347
474802741;41.16495;-8.612497;-0.1503164;0.7184639
474818247;41.16569;-8.62466;-0.1505287;0.7184768
474818248;41.16572;-8.62454;-0.1505266;0.7184773
474699483;41.16602;-8.620655;-0.1504588;0.7184826
474699484;41.1663;-8.620887;-0.1504629;0.7184874
474699485;41.16667;-8.621101;-0.1504666;0.7184939
474698115;41.16583;-8.620367;-0.1504538;0.7184793
475064050;41.15598;-8.621409;-0.150472;0.7183073
475073428;41.15672;-8.616076;-0.1503789;0.7183203
474681737;41.16072;-8.616029;-0.1503781;0.71839
474681724;41.15939;-8.616053;-0.1503785;0.7183668
474682657;41.16227;-8.615734;-0.1503729;0.7184171
474681722;41.15924;-8.615799;-0.1503741;0.7183644
474681738;41.16093;-8.615907;-0.1503759;0.7183938
474543238;41.15989;-8.617177;-0.1503981;0.7183757
475333883;41.16358;-8.621478;-0.1504732;0.71844
475334479;41.16323;-8.622393;-0.1504891;0.7184339
475354682;41.15674;-8.614611;-0.1503533;0.7183207
475360039;41.15754;-8.621644;-0.1504761;0.7183346
475360041;41.15727;-8.62112;-0.1504669;0.7183299
475360043;41.15717;-8.620957;-0.1504641;0.7183282
475360045;41.15708;-8.620829;-0.1504618;0.7183265
25632454;41.15355;-8.606226;-0.150207;0.7182649
501225889;41.15665;-8.60463;-0.1501791;0.718319
501252622;41.15625;-8.60873;-0.1502507;0.7183121
501252542;41.15579;-8.608184;-0.1502412;0.718304
501252546;41.15632;-8.608042;-0.1502387;0.7183133
513921184;41.15757;-8.601405;-0.1501228;0.7183352
513921193;41.15735;-8.600942;-0.1501147;0.7183312
513921227;41.15625;-8.600914;-0.1501143;0.718312
513921226;41.15665;-8.600824;-0.1501127;0.7183191
513921231;41.15781;-8.600268;-0.150103;0.7183392
513921201;41.15717;-8.600707;-0.1501107;0.7183282
513925584;41.15551;-8.599843;-0.1500956;0.7182991
513925588;41.15608;-8.599723;-0.1500935;0.7183092
513931856;41.15445;-8.598969;-0.1500803;0.7182807
513931870;41.15543;-8.596458;-0.1500365;0.7182978
513931869;41.15562;-8.596833;-0.150043;0.718301
513931864;41.15697;-8.597136;-0.1500483;0.7183246
513931865;41.15593;-8.597213;-0.1500497;0.7183065
534476350;41.15292;-8.594291;-0.1499987;0.718254
534476351;41.15393;-8.593965;-0.149993;0.7182716
534476352;41.15425;-8.593858;-0.1499911;0.7182771
534476366;41.15298;-8.594986;-0.1500108;0.718255
534476367;41.15292;-8.594153;-0.1499963;0.7182539
534476381;41.15343;-8.592445;-0.1499665;0.7182629
534476372;41.15269;-8.592394;-0.1499656;0.71825
25632451;41.15471;-8.605831;-0.1502001;0.7182851
25632453;41.15389;-8.606207;-0.1502066;0.7182709
501225717;41.15424;-8.607149;-0.1502231;0.7182769
501225723;41.15467;-8.606469;-0.1502112;0.7182844
501225713;41.15401;-8.607446;-0.1502283;0.7182729
501225720;41.15444;-8.60673;-0.1502158;0.7182804
138213192;41.15953;-8.623098;-0.1505015;0.7183692
428217540;41.1594;-8.623188;-0.150503;0.718367
428217535;41.15898;-8.621011;-0.150465;0.7183596
475050311;41.15583;-8.622608;-0.1504929;0.7183048
513921229;41.15705;-8.600535;-0.1501077;0.7183261
25632414;41.15185;-8.605035;-0.1501862;0.7182353
1043000754;41.15454;-8.6013;-0.150121;0.7182822
1043000761;41.15454;-8.601096;-0.1501174;0.7182822
1043000774;41.15454;-8.600744;-0.1501113;0.7182822
1043000779;41.15124;-8.601165;-0.1501186;0.7182246
137996370;41.15491;-8.604693;-0.1501802;0.7182887
25632411;41.15094;-8.604254;-0.1501726;0.7182193
25632423;41.151;-8.602248;-0.1501376;0.7182205
25632425;41.15326;-8.603552;-0.1501603;0.7182599
25632428;41.15104;-8.601172;-0.1501188;0.7182211
25632449;41.15458;-8.603035;-0.1501513;0.718283
25632463;41.15562;-8.602601;-0.1501437;0.7183012
411909880;41.15455;-8.602531;-0.1501425;0.7182824
1103427051;41.15297;-8.59487;-0.1500088;0.7182549
474701480;41.1653;-8.620457;-0.1504554;0.71847
475329142;41.16375;-8.619472;-0.1504382;0.718443
1105966147;41.15698;-8.600746;-0.1501113;0.7183248
474794846;41.16639;-8.612178;-0.1503109;0.718489
473882633;41.15877;-8.612877;-0.1503231;0.7183561
513931873;41.15523;-8.59584;-0.1500257;0.7182943
253283047;41.15909;-8.594604;-0.1500041;0.7183616
513921171;41.15766;-8.601789;-0.1501295;0.7183366
473874237;41.15758;-8.613656;-0.1503367;0.7183352
473877734;41.15807;-8.613791;-0.150339;0.7183439
473874242;41.15796;-8.61408;-0.1503441;0.7183419
473877733;41.15764;-8.613982;-0.1503423;0.7183363
473879884;41.15906;-8.613197;-0.1503287;0.7183611
1107381202;41.15609;-8.606399;-0.15021;0.7183093
1107381200;41.16574;-8.623437;-0.1505074;0.7184777
1108076389;41.15718;-8.59604;-0.1500292;0.7183284
1110673577;41.16232;-8.614523;-0.1503518;0.718418
126604789;41.15987;-8.624672;-0.1505289;0.7183752
475049092;41.15797;-8.62242;-0.1504896;0.7183422
126617427;41.16237;-8.616489;-0.1503861;0.7184188
1110690935;41.15531;-8.605593;-0.1501959;0.7182957
501225708;41.15402;-8.607755;-0.1502337;0.7182731
1110691349;41.15579;-8.609086;-0.1502569;0.718304
501252536;41.15567;-8.607678;-0.1502323;0.718302
501252601;41.156;-8.608685;-0.1502499;0.7183077
129550139;41.15514;-8.60765;-0.1502318;0.7182928
501252606;41.15602;-8.608825;-0.1502523;0.7183082
501225920;41.15644;-8.604794;-0.150182;0.7183155
501252476;41.1557;-8.608854;-0.1502528;0.7183025
129552512;41.15519;-8.605959;-0.1502023;0.7182936
501252596;41.1559;-8.60835;-0.150244;0.718306
1110698243;41.15357;-8.608047;-0.1502388;0.7182654
1110698245;41.15415;-8.609875;-0.1502707;0.7182754
1110698250;41.15363;-8.611847;-0.1503051;0.7182664
1110698254;41.15419;-8.610002;-0.1502729;0.7182762
1110698255;41.15358;-8.611148;-0.1502929;0.7182655
1110698257;41.15363;-8.61341;-0.1503324;0.7182664
1110698259;41.15361;-8.6113;-0.1502955;0.718266
1110698260;41.15358;-8.611428;-0.1502978;0.7182654
25632376;41.15185;-8.610143;-0.1502753;0.7182353
1110698272;41.15359;-8.608181;-0.1502411;0.7182657
1110698267;41.15347;-8.604756;-0.1501813;0.7182636
1110698277;41.1535;-8.608219;-0.1502418;0.7182642
1110698264;41.15382;-8.613324;-0.1503309;0.7182697
1110698280;41.15354;-8.611261;-0.1502949;0.7182648
1110698283;41.15353;-8.608456;-0.1502459;0.7182646
1110698292;41.15363;-8.611461;-0.1502983;0.7182664
1110698297;41.15374;-8.612777;-0.1503213;0.7182682
452682268;41.15389;-8.61006;-0.1502739;0.7182708
452682289;41.15361;-8.610062;-0.1502739;0.718266
452682304;41.15432;-8.610054;-0.1502738;0.7182783
25620653;41.1536;-8.611996;-0.1503077;0.7182658
1110698271;41.15346;-8.607924;-0.1502366;0.7182633
452682212;41.15345;-8.606648;-0.1502144;0.7182632
1110698261;41.15343;-8.604814;-0.1501823;0.7182629
1110698256;41.15353;-8.604851;-0.150183;0.7182646
1111353963;41.16014;-8.621144;-0.1504674;0.7183799
473880558;41.15858;-8.612923;-0.1503239;0.7183527
1111353957;41.16003;-8.621104;-0.1504667;0.718378
138208397;41.16025;-8.621417;-0.1504721;0.7183819
473880555;41.15893;-8.612823;-0.1503221;0.7183588
1106006327;41.15027;-8.612099;-0.1503095;0.7182077
473873458;41.15874;-8.609333;-0.1502612;0.7183555
513925578;41.15685;-8.599382;-0.1500875;0.7183225
474552508;41.16088;-8.618896;-0.1504281;0.7183928
343646851;41.16189;-8.612714;-0.1503202;0.7184106
1143316537;41.15343;-8.599076;-0.1500822;0.7182628
1143316554;41.16233;-8.614356;-0.1503489;0.7184181
122452429;41.16291;-8.612606;-0.1503183;0.7184283
474553716;41.16074;-8.618095;-0.1504141;0.7183905
513920996;41.15926;-8.600432;-0.1501059;0.7183645
473873460;41.15807;-8.609404;-0.1502624;0.7183439
335561055;41.15594;-8.620836;-0.150462;0.7183067
474553715;41.16067;-8.618393;-0.1504193;0.7183892
473873459;41.15847;-8.609294;-0.1502605;0.7183508
474552500;41.16097;-8.620185;-0.1504506;0.7183945
137992807;41.16012;-8.607918;-0.1502365;0.7183796
1143317532;41.15403;-8.600107;-0.1501002;0.7182734
1143317949;41.15681;-8.61851;-0.1504214;0.7183219
1143318149;41.15617;-8.597549;-0.1500555;0.7183107
1143318771;41.15454;-8.599998;-0.1500983;0.7182822
474683172;41.16189;-8.615675;-0.1503719;0.7184105
475064049;41.15609;-8.62154;-0.1504743;0.7183093
475082790;41.16208;-8.612961;-0.1503245;0.7184139
474681732;41.16017;-8.616307;-0.1503829;0.7183805
474553717;41.16077;-8.617945;-0.1504115;0.7183911
473873461;41.15789;-8.609438;-0.150263;0.7183406
475082799;41.16207;-8.614233;-0.1503467;0.7184137
129548929;41.15873;-8.609954;-0.150272;0.7183554
474541498;41.16061;-8.619772;-0.1504434;0.7183883
475082796;41.16214;-8.61424;-0.1503468;0.718415
474681734;41.1605;-8.616185;-0.1503808;0.7183862
473873464;41.15755;-8.609725;-0.150268;0.7183349
138213191;41.15933;-8.623409;-0.1505069;0.7183658
474553709;41.1605;-8.619024;-0.1504304;0.7183863
473873463;41.1576;-8.609581;-0.1502655;0.7183356
513925574;41.15654;-8.599455;-0.1500888;0.7183171
474541501;41.1605;-8.619205;-0.1504335;0.7183862
513921037;41.15675;-8.598366;-0.1500698;0.7183208
475352085;41.15675;-8.618032;-0.150413;0.7183207
474556624;41.16135;-8.61786;-0.15041;0.718401
474546975;41.16017;-8.617155;-0.1503977;0.7183805
475081801;41.16214;-8.614721;-0.1503552;0.7184148
475394863;41.15676;-8.612011;-0.150308;0.7183211
475394841;41.15761;-8.612388;-0.1503145;0.7183359
473240008;41.16051;-8.607281;-0.1502254;0.7183864
474553713;41.16064;-8.618383;-0.1504192;0.7183887
474553711;41.16055;-8.618623;-0.1504233;0.7183872
473873457;41.159;-8.609043;-0.1502561;0.7183601
513925568;41.15654;-8.599648;-0.1500922;0.7183172
474552506;41.16084;-8.619043;-0.1504307;0.7183922
474552497;41.16105;-8.62069;-0.1504594;0.7183959
474552495;41.16111;-8.621111;-0.1504668;0.7183969
474559375;41.16286;-8.612175;-0.1503108;0.7184274
122452409;41.16061;-8.594357;-0.1499998;0.7183881
335561064;41.15552;-8.619182;-0.1504331;0.7182993
513931862;41.15576;-8.597068;-0.1500471;0.7183035
474549084;41.161;-8.618613;-0.1504232;0.7183949
473240007;41.16039;-8.607141;-0.150223;0.7183843
475081804;41.1623;-8.614691;-0.1503547;0.7184176
122452412;41.16109;-8.598266;-0.150068;0.7183965
475082792;41.16222;-8.614123;-0.1503448;0.7184163
475394859;41.15677;-8.611907;-0.1503061;0.7183211
138194473;41.15544;-8.595142;-0.1500135;0.718298
299614580;41.15706;-8.597121;-0.1500481;0.7183262
475082794;41.16221;-8.614187;-0.1503459;0.7184161
473240004;41.15871;-8.607043;-0.1502212;0.7183549
513925553;41.1566;-8.600146;-0.1501009;0.7183181
473873462;41.15774;-8.609488;-0.1502639;0.7183381
137994583;41.15707;-8.611384;-0.150297;0.7183264
474541500;41.16056;-8.619541;-0.1504394;0.7183874
513931867;41.15587;-8.597178;-0.1500491;0.7183054
129953504;41.15654;-8.620789;-0.1504611;0.7183171
474546985;41.16099;-8.616751;-0.1503907;0.7183948
349907698;41.15884;-8.610708;-0.1502852;0.7183573
137982073;41.15557;-8.620905;-0.1504632;0.7183003
473890928;41.16128;-8.608728;-0.1502507;0.7183999
418018207;41.15792;-8.598144;-0.1500659;0.7183412
473873465;41.15748;-8.609967;-0.1502723;0.7183336
473240006;41.16;-8.607043;-0.1502212;0.7183776
137993129;41.16024;-8.608653;-0.1502493;0.7183816
474553712;41.16059;-8.618591;-0.1504228;0.7183878
474546987;41.16126;-8.616696;-0.1503897;0.7183996
474552505;41.16083;-8.619199;-0.1504334;0.718392
474541502;41.16041;-8.61907;-0.1504312;0.7183846
475082788;41.16206;-8.612915;-0.1503237;0.7184135
513931858;41.15612;-8.598321;-0.150069;0.7183098
455341194;41.15663;-8.621296;-0.15047;0.7183187
475392102;41.15677;-8.612506;-0.1503166;0.7183211
343634635;41.16681;-8.597342;-0.1500519;0.7184964
299575942;41.16602;-8.597688;-0.150058;0.7184825
406359726;41.16624;-8.597547;-0.1500555;0.7184865
126617351;41.16036;-8.604461;-0.1501762;0.7183838
1165603961;41.16145;-8.607233;-0.1502246;0.7184028
1165603979;41.166;-8.609263;-0.15026;0.7184823
1165604021;41.16602;-8.609701;-0.1502676;0.7184825
1165604041;41.1657;-8.609721;-0.150268;0.7184771
1165604049;41.16618;-8.601728;-0.1501285;0.7184854
1165604053;41.16512;-8.610086;-0.1502744;0.7184668
1165604083;41.15334;-8.599536;-0.1500902;0.7182614
1165604095;41.15316;-8.599533;-0.1500902;0.7182581
126617431;41.16104;-8.607491;-0.1502291;0.7183957
1165604050;41.16549;-8.594129;-0.1499958;0.7184733
1165604056;41.16552;-8.59837;-0.1500699;0.7184739
343646662;41.16461;-8.602171;-0.1501362;0.718458
299575944;41.16379;-8.601612;-0.1501265;0.7184437
299612466;41.16219;-8.596309;-0.1500339;0.7184158
452518414;41.1588;-8.602912;-0.1501491;0.7183566
773982486;41.16586;-8.598189;-0.1500667;0.7184798
416355034;41.16504;-8.599884;-0.1500963;0.7184655
513931872;41.15528;-8.595989;-0.1500283;0.7182952
299610700;41.16547;-8.59901;-0.150081;0.7184731
129548933;41.1657;-8.608439;-0.1502456;0.7184769
299612349;41.16221;-8.596457;-0.1500365;0.7184162
137994933;41.15865;-8.607497;-0.1502292;0.7183539
299612465;41.16215;-8.59582;-0.1500254;0.718415
343646666;41.1678;-8.603475;-0.150159;0.7185136
343646672;41.16491;-8.602333;-0.150139;0.7184631
343646671;41.16612;-8.601778;-0.1501293;0.7184843
343634648;41.16663;-8.60346;-0.1501587;0.7184933
343646665;41.16546;-8.603563;-0.1501605;0.7184728
343646675;41.16418;-8.601895;-0.1501314;0.7184505
299611755;41.16432;-8.600925;-0.1501145;0.7184529
138197779;41.15715;-8.602005;-0.1501333;0.7183277
435477350;41.16573;-8.609275;-0.1502602;0.7184775
343646668;41.16672;-8.601696;-0.1501279;0.7184948
299575943;41.16511;-8.599771;-0.1500943;0.7184666
25632402;41.15016;-8.609421;-0.1502627;0.7182058
129550137;41.15516;-8.609254;-0.1502598;0.718293
452682258;41.15459;-8.609344;-0.1502614;0.7182831
452682261;41.15476;-8.609274;-0.1502602;0.718286
501252447;41.1557;-8.609969;-0.1502723;0.7183025
474810940;41.16457;-8.625993;-0.150552;0.7184572
126600955;41.16298;-8.622668;-0.1504939;0.7184295
126600958;41.16285;-8.622007;-0.1504824;0.7184272
474385800;41.16215;-8.620477;-0.1504557;0.718415
474818250;41.16576;-8.624144;-0.1505197;0.7184781
474802746;41.16578;-8.612963;-0.1503246;0.7184784
474385797;41.16266;-8.62002;-0.1504477;0.718424
1105911801;41.16762;-8.615583;-0.1503703;0.7185106
474818251;41.16577;-8.623914;-0.1505157;0.7184783
473859812;41.16047;-8.621463;-0.1504729;0.7183858
1107381212;41.16518;-8.618259;-0.150417;0.7184679
1107381193;41.16507;-8.617205;-0.1503986;0.718466
474385801;41.16201;-8.620549;-0.150457;0.7184126
475328017;41.1638;-8.619863;-0.150445;0.7184439
1107381206;41.16496;-8.616042;-0.1503783;0.7184641
474695427;41.16749;-8.617947;-0.1504115;0.7185083
474385803;41.16162;-8.620661;-0.1504589;0.7184057
474802745;41.16567;-8.612942;-0.1503242;0.7184765
474789325;41.16759;-8.616767;-0.150391;0.7185101
474787665;41.16565;-8.624809;-0.1505313;0.7184762
474802739;41.16411;-8.612495;-0.1503164;0.7184492
474802747;41.16586;-8.612881;-0.1503231;0.7184798
474802740;41.1647;-8.612442;-0.1503155;0.7184596
474793814;41.16665;-8.613369;-0.1503316;0.7184936
474694632;41.16614;-8.617017;-0.1503953;0.7184846
474695389;41.16363;-8.618499;-0.1504212;0.7184409
343646818;41.1642;-8.623213;-0.1505035;0.7184508
474690456;41.16612;-8.613433;-0.1503328;0.7184844
474690461;41.16629;-8.614529;-0.1503519;0.7184873
474691694;41.16486;-8.614887;-0.1503581;0.7184623
473869781;41.16026;-8.621273;-0.1504696;0.7183821
474728387;41.16758;-8.620146;-0.1504499;0.7185098
474789304;41.16748;-8.621421;-0.1504722;0.718508
138209120;41.16153;-8.620617;-0.1504581;0.7184042
428217536;41.15886;-8.621706;-0.1504772;0.7183577
428217533;41.15923;-8.620306;-0.1504527;0.7183641
343646840;41.15936;-8.613678;-0.150337;0.7183663
474685694;41.1599;-8.616393;-0.1503844;0.7183758
474551122;41.16087;-8.617878;-0.1504103;0.7183928
474681707;41.15926;-8.614634;-0.1503537;0.7183646
474685700;41.16027;-8.616536;-0.1503869;0.7183823
474681706;41.15927;-8.614395;-0.1503496;0.7183647
474681726;41.15985;-8.616311;-0.150383;0.718375
474681718;41.15914;-8.615247;-0.1503644;0.7183625
474685708;41.16069;-8.616544;-0.1503871;0.7183895
474681720;41.15919;-8.615564;-0.15037;0.7183633
474549120;41.1615;-8.620676;-0.1504592;0.7184037
299611292;41.16452;-8.591951;-0.1499578;0.7184565
773982493;41.16544;-8.598672;-0.1500751;0.7184725
513931860;41.15601;-8.597836;-0.1500605;0.7183078
513931859;41.15605;-8.598042;-0.1500641;0.7183086
475360047;41.15697;-8.620779;-0.150461;0.7183247
475360049;41.15683;-8.620754;-0.1504605;0.7183221
343646655;41.16542;-8.605417;-0.1501929;0.7184721
1165604086;41.16207;-8.606965;-0.1502199;0.7184136
1165604103;41.16241;-8.606836;-0.1502176;0.7184196
299611362;41.16472;-8.59343;-0.1499836;0.7184599
299611722;41.16326;-8.599548;-0.1500904;0.7184345
408438888;41.16639;-8.593218;-0.1499799;0.7184891
408438889;41.16587;-8.593832;-0.1499907;0.71848
408438890;41.16496;-8.594254;-0.149998;0.7184641
299610763;41.16477;-8.592765;-0.149972;0.7184607
444023177;41.16598;-8.602005;-0.1501333;0.7184818
513920936;41.15809;-8.601626;-0.1501267;0.7183442
513920950;41.15792;-8.600762;-0.1501116;0.7183412
513921223;41.15705;-8.601412;-0.150123;0.7183261
513920967;41.15891;-8.600533;-0.1501076;0.7183584
452518383;41.16019;-8.604463;-0.1501762;0.7183809
122452414;41.16135;-8.600314;-0.1501038;0.718401
452682265;41.15168;-8.609661;-0.1502669;0.7182324
1110698263;41.152;-8.609983;-0.1502726;0.7182379
129545993;41.15148;-8.609498;-0.1502641;0.7182288
129545994;41.15157;-8.609549;-0.150265;0.7182304
25632278;41.15249;-8.618065;-0.1504136;0.7182465
25632279;41.15224;-8.617943;-0.1504115;0.7182422
25632364;41.15348;-8.62105;-0.1504657;0.7182637
25632225;41.15158;-8.617634;-0.1504061;0.7182306
974882854;41.15259;-8.616917;-0.1503936;0.7182482
414905295;41.15549;-8.592448;-0.1499665;0.7182987
414913212;41.15624;-8.591545;-0.1499507;0.718312
126646458;41.14934;-8.600454;-0.1501063;0.7181915
1110698247;41.15375;-8.613106;-0.1503271;0.7182685
1110698268;41.15375;-8.612133;-0.1503101;0.7182684
1110698269;41.15363;-8.612103;-0.1503095;0.7182662
1110698273;41.15379;-8.612032;-0.1503083;0.7182691
1110698276;41.15373;-8.612219;-0.1503116;0.7182682
1110698278;41.15366;-8.611945;-0.1503068;0.7182668
1110698281;41.15365;-8.613047;-0.150326;0.7182667
1110698289;41.15369;-8.613208;-0.1503288;0.7182673
1110698299;41.15372;-8.612013;-0.150308;0.7182679
1165604042;41.16067;-8.607519;-0.1502295;0.7183892
137992808;41.15734;-8.609188;-0.1502587;0.7183312
138252374;41.15681;-8.599048;-0.1500817;0.7183219
137970173;41.15241;-8.596889;-0.150044;0.718245
137967154;41.15059;-8.597992;-0.1500633;0.7182132
126647309;41.1505;-8.600217;-0.1501021;0.7182117
129549145;41.15606;-8.617957;-0.1504117;0.7183087
129549521;41.15663;-8.613096;-0.1503269;0.7183186
129552044;41.15544;-8.607664;-0.1502321;0.7182979
25632293;41.15375;-8.613284;-0.1503302;0.7182684
25632429;41.15107;-8.600133;-0.1501006;0.7182217
25632466;41.15328;-8.59971;-0.1500932;0.7182602
25632467;41.15385;-8.596047;-0.1500293;0.7182702
25632521;41.15453;-8.599478;-0.1500892;0.718282
280197437;41.1568;-8.609246;-0.1502597;0.7183217
299612189;41.16191;-8.59812;-0.1500655;0.718411
299612350;41.16247;-8.598004;-0.1500635;0.7184206
299612408;41.16247;-8.595794;-0.1500249;0.7184206
299614329;41.15888;-8.597791;-0.1500598;0.718358
299614365;41.15673;-8.596701;-0.1500407;0.7183204
299614426;41.15746;-8.595675;-0.1500228;0.7183332
299611055;41.16527;-8.597481;-0.1500544;0.7184694
402004623;41.15945;-8.598564;-0.1500733;0.718368
404754608;41.15931;-8.598166;-0.1500663;0.7183655
404754609;41.15947;-8.598129;-0.1500657;0.7183683
404754613;41.15988;-8.59764;-0.1500571;0.7183754
404754615;41.16072;-8.598036;-0.150064;0.7183902
404754617;41.16074;-8.598323;-0.150069;0.7183904
404756386;41.15932;-8.598581;-0.1500736;0.7183656
404756870;41.15934;-8.598491;-0.150072;0.7183661
404759959;41.15925;-8.597802;-0.15006;0.7183645
404770462;41.15907;-8.598063;-0.1500645;0.7183613
411502734;41.16169;-8.598843;-0.1500781;0.718407
411502735;41.16174;-8.598894;-0.150079;0.7184079
411502737;41.16222;-8.598876;-0.1500787;0.7184163
411502740;41.16225;-8.598701;-0.1500756;0.7184169
411841932;41.15952;-8.598552;-0.150073;0.7183691
411842524;41.16441;-8.59906;-0.1500819;0.7184545
414128969;41.15895;-8.598521;-0.1500725;0.7183593
416385391;41.15966;-8.597878;-0.1500613;0.7183716
416385402;41.15975;-8.59758;-0.1500561;0.7183731
418091555;41.15897;-8.597757;-0.1500592;0.7183595
418717034;41.16306;-8.59788;-0.1500613;0.7184309
474541515;41.15993;-8.618026;-0.1504129;0.7183764
474541520;41.15954;-8.61792;-0.1504111;0.7183695
474541522;41.15941;-8.617824;-0.1504094;0.7183673
474541524;41.15909;-8.617279;-0.1503999;0.7183617
474541529;41.15902;-8.617103;-0.1503968;0.7183605
474544816;41.15741;-8.617485;-0.1504035;0.7183323
474544818;41.1577;-8.617078;-0.1503964;0.7183374
474544821;41.15796;-8.616943;-0.150394;0.7183419
474544829;41.15852;-8.616846;-0.1503923;0.7183517
474544834;41.15895;-8.617036;-0.1503956;0.7183593
474677907;41.15772;-8.614269;-0.1503474;0.7183377
474677911;41.15754;-8.614246;-0.150347;0.7183346
474677914;41.15704;-8.614094;-0.1503443;0.7183259
474677917;41.15701;-8.614035;-0.1503433;0.7183253
474677919;41.15688;-8.613737;-0.1503381;0.7183231
475052386;41.15281;-8.622931;-0.1504985;0.7182521
475073403;41.157;-8.618016;-0.1504128;0.7183251
475073406;41.1572;-8.617753;-0.1504082;0.7183286
475073423;41.15715;-8.617583;-0.1504052;0.7183277
474677934;41.15667;-8.613197;-0.1503287;0.7183194
475352082;41.15628;-8.617874;-0.1504103;0.7183127
475352084;41.15638;-8.617891;-0.1504106;0.7183144
475352608;41.1569;-8.618103;-0.1504143;0.7183235
475353910;41.15687;-8.61396;-0.150342;0.7183229
475354369;41.15657;-8.614183;-0.1503459;0.7183176
475354599;41.15723;-8.61489;-0.1503582;0.7183293
475354600;41.15704;-8.614398;-0.1503496;0.7183259
475354371;41.15694;-8.615078;-0.1503615;0.7183242
501225739;41.15569;-8.605328;-0.1501913;0.7183024
501225743;41.15572;-8.605378;-0.1501922;0.7183029
501225746;41.15575;-8.605473;-0.1501938;0.7183033
501225749;41.15574;-8.605536;-0.1501949;0.7183031
501225754;41.15522;-8.605893;-0.1502012;0.718294
501225766;41.15531;-8.606655;-0.1502145;0.7182957
501225783;41.15636;-8.606299;-0.1502083;0.7183139
501225787;41.15674;-8.606093;-0.1502047;0.7183207
501225800;41.15535;-8.606953;-0.1502197;0.7182963
501225803;41.15584;-8.606865;-0.1502181;0.7183049
501225807;41.15622;-8.606797;-0.150217;0.7183116
501225811;41.15653;-8.606764;-0.1502164;0.7183169
501252453;41.15581;-8.609809;-0.1502695;0.7183043
501252460;41.15582;-8.609739;-0.1502683;0.7183046
501252465;41.15581;-8.609335;-0.1502612;0.7183043
501252472;41.15581;-8.609259;-0.1502599;0.7183043
501252495;41.15556;-8.60866;-0.1502495;0.7183001
501252500;41.15554;-8.608423;-0.1502453;0.7182996
513920937;41.15753;-8.598918;-0.1500794;0.7183344
513921213;41.15696;-8.600397;-0.1501053;0.7183244
138205498;41.16644;-8.606431;-0.1502106;0.7184899
122452425;41.16246;-8.609237;-0.1502595;0.7184204
129548927;41.15723;-8.60998;-0.1502725;0.7183292
129548930;41.16044;-8.609984;-0.1502726;0.7183852
475064052;41.15577;-8.621149;-0.1504674;0.7183037
475064054;41.15567;-8.621027;-0.1504653;0.718302
129555296;41.14869;-8.600581;-0.1501085;0.7181801
126638962;41.15635;-8.59463;-0.1500046;0.7183138
299612405;41.1609;-8.596739;-0.1500414;0.7183931
122452434;41.16389;-8.620668;-0.1504591;0.7184454
475326116;41.16446;-8.620572;-0.1504574;0.7184554
474728398;41.16463;-8.620549;-0.150457;0.7184583
534476370;41.15297;-8.593156;-0.1499789;0.7182547
534476371;41.15295;-8.593011;-0.1499763;0.7182544
534476369;41.15296;-8.593574;-0.1499861;0.7182546
534476387;41.1544;-8.594285;-0.1499986;0.7182797
343646728;41.16716;-8.610866;-0.150288;0.7185026
299614078;41.1578;-8.593778;-0.1499897;0.7183391
474676238;41.16142;-8.612998;-0.1503252;0.7184023
343634646;41.16548;-8.602734;-0.150146;0.7184731
475405136;41.1516;-8.607182;-0.1502237;0.718231
452682240;41.15254;-8.606347;-0.1502091;0.7182473
427277908;41.15516;-8.594808;-0.1500077;0.718293
501252551;41.15636;-8.608206;-0.1502415;0.7183141
534476357;41.15121;-8.594289;-0.1499986;0.718224
534476362;41.15289;-8.593711;-0.1499885;0.7182534
534476377;41.15329;-8.592273;-0.1499635;0.7182605
534476382;41.15361;-8.592786;-0.1499724;0.718266
534476383;41.15387;-8.593151;-0.1499788;0.7182705
534476384;41.15401;-8.593414;-0.1499834;0.718273
534476385;41.15409;-8.593552;-0.1499858;0.7182745
427277906;41.1555;-8.59442;-0.1500009;0.718299
343646661;41.16425;-8.60335;-0.1501568;0.7184516
343646678;41.16544;-8.600245;-0.1501026;0.7184724
126617433;41.16057;-8.605234;-0.1501897;0.7183875
474793789;41.1665;-8.611587;-0.1503005;0.718491
138208872;41.16133;-8.621084;-0.1504663;0.7184007
126600959;41.16275;-8.620853;-0.1504623;0.7184255
138210915;41.16043;-8.622208;-0.1504859;0.718385
475044410;41.16221;-8.620948;-0.1504639;0.7184161
474780284;41.1608;-8.622627;-0.1504932;0.7183915
1111353960;41.16029;-8.621208;-0.1504685;0.7183825
473859811;41.16048;-8.621216;-0.1504686;0.7183859
513931874;41.15518;-8.595785;-0.1500248;0.7182934
513931878;41.15472;-8.596162;-0.1500313;0.7182853
513931881;41.1542;-8.596478;-0.1500369;0.7182763
513936347;41.15427;-8.597134;-0.1500483;0.7182775
513936352;41.15368;-8.597231;-0.15005;0.7182672
25620947;41.14717;-8.612186;-0.150311;0.7181537
122439068;41.16471;-8.627084;-0.150571;0.7184597
25620737;41.14795;-8.612149;-0.1503104;0.7181672
475410511;41.14827;-8.608134;-0.1502403;0.7181728
25632227;41.15166;-8.621317;-0.1504704;0.7182319
25632361;41.1526;-8.620778;-0.150461;0.7182484
25632372;41.15292;-8.624072;-0.1505184;0.7182539
126600953;41.16317;-8.623346;-0.1505058;0.7184328
129953505;41.15629;-8.619358;-0.1504362;0.7183128
473859168;41.16209;-8.623338;-0.1505056;0.7184141
474544824;41.15825;-8.616899;-0.1503932;0.718347
25620960;41.14599;-8.612215;-0.1503115;0.718133
974882842;41.15269;-8.615797;-0.150374;0.7182499
25620570;41.15299;-8.612018;-0.1503081;0.7182552
25632419;41.1509;-8.609983;-0.1502726;0.7182187
452682256;41.15418;-8.609731;-0.1502682;0.718276
1110698285;41.15349;-8.60863;-0.1502489;0.7182639
452682297;41.1535;-8.610057;-0.1502738;0.7182642
452682270;41.15315;-8.610026;-0.1502733;0.718258
452682249;41.15226;-8.61004;-0.1502735;0.7182425
452682300;41.1535;-8.609982;-0.1502725;0.7182642
1110698265;41.15347;-8.608032;-0.1502385;0.7182635
129533454;41.15207;-8.608223;-0.1502418;0.7182392
452682234;41.15271;-8.606184;-0.1502063;0.7182502
452682238;41.15263;-8.606242;-0.1502073;0.718249
452682230;41.1528;-8.60615;-0.1502056;0.7182518
452682218;41.15327;-8.606329;-0.1502088;0.7182601
452682221;41.15319;-8.606236;-0.1502072;0.7182586
452682227;41.1529;-8.606132;-0.1502053;0.7182536
452682225;41.15298;-8.606138;-0.1502054;0.7182551
435477344;41.16567;-8.607524;-0.1502296;0.7184765
435477343;41.16651;-8.607486;-0.150229;0.7184911
129550744;41.15412;-8.607743;-0.1502335;0.7182748
129550745;41.15452;-8.607707;-0.1502328;0.7182819
129550851;41.15357;-8.607933;-0.1502368;0.7182654
474681709;41.15929;-8.614795;-0.1503565;0.7183651
474681711;41.15928;-8.614869;-0.1503578;0.718365
474681715;41.15915;-8.615129;-0.1503624;0.7183626
475329138;41.16432;-8.619376;-0.1504365;0.7184529
475328014;41.16437;-8.619789;-0.1504437;0.7184538
1107381207;41.16441;-8.620147;-0.1504499;0.7184545
343646831;41.16311;-8.614237;-0.1503468;0.7184318
126600950;41.16336;-8.624798;-0.1505311;0.7184361
475080479;41.16239;-8.614395;-0.1503496;0.7184192
475080491;41.16237;-8.615766;-0.1503735;0.7184188
475080487;41.16242;-8.615682;-0.150372;0.7184198
474546980;41.16064;-8.616847;-0.1503924;0.7183888
474683167;41.16223;-8.615441;-0.1503678;0.7184165
474676242;41.16105;-8.613114;-0.1503272;0.7183958
474676241;41.16126;-8.61307;-0.1503264;0.7183995
474676246;41.16026;-8.613037;-0.1503258;0.7183821
474676247;41.1601;-8.613128;-0.1503274;0.7183793
474676251;41.15936;-8.613935;-0.1503415;0.7183664
126617352;41.15989;-8.602766;-0.1501466;0.7183756
122452420;41.16187;-8.60432;-0.1501737;0.7184101
126634476;41.16183;-8.604019;-0.1501685;0.7184094
128655671;41.15609;-8.593842;-0.1499908;0.7183093
138195667;41.15964;-8.596296;-0.1500337;0.7183712
138196594;41.15998;-8.595192;-0.1500144;0.7183772
253283034;41.15815;-8.595338;-0.1500169;0.7183453
404765916;41.15675;-8.594396;-0.1500005;0.7183208
25632446;41.15363;-8.604746;-0.1501811;0.7182663
1165603985;41.16158;-8.607219;-0.1502243;0.7184051
1165604004;41.16168;-8.6071;-0.1502222;0.7184068
1165604020;41.16349;-8.606503;-0.1502118;0.7184384
1165604038;41.16334;-8.606497;-0.1502117;0.7184358
1165604071;41.16209;-8.606905;-0.1502188;0.7184141
138205502;41.16425;-8.606279;-0.1502079;0.7184517
473240009;41.16092;-8.60758;-0.1502306;0.7183936
25632284;41.1552;-8.61888;-0.1504278;0.7182937
299610718;41.16464;-8.591941;-0.1499577;0.7184585
299611392;41.16423;-8.597652;-0.1500573;0.7184514
299611700;41.16185;-8.60416;-0.1501709;0.7184098
349907649;41.16036;-8.609921;-0.1502715;0.7183838
473877735;41.15837;-8.61369;-0.1503373;0.718349
473877736;41.15875;-8.613706;-0.1503375;0.7183558
473877737;41.15897;-8.613642;-0.1503364;0.7183595
473878705;41.15816;-8.613416;-0.1503325;0.7183453
473878708;41.15849;-8.613324;-0.1503309;0.7183512
473879887;41.1586;-8.613306;-0.1503305;0.718353
473882628;41.15889;-8.613226;-0.1503292;0.7183581
474676240;41.16192;-8.612946;-0.1503243;0.718411
475066897;41.15613;-8.62142;-0.1504722;0.7183099
475392099;41.15664;-8.612527;-0.150317;0.7183189
475394871;41.15696;-8.61272;-0.1503203;0.7183245
1422567181;41.15496;-8.620474;-0.1504557;0.7182895
1422611556;41.15552;-8.610459;-0.1502809;0.7182993
1422611558;41.15558;-8.610532;-0.1502821;0.7183004
1422611559;41.1558;-8.610669;-0.1502845;0.7183043
1422610102;41.15665;-8.612796;-0.1503216;0.718319
1422610104;41.15681;-8.612757;-0.150321;0.7183218
1422610110;41.15718;-8.612748;-0.1503208;0.7183284
1422610108;41.15713;-8.612618;-0.1503185;0.7183275
2269673177;41.1587;-8.598688;-0.1500754;0.7183548
1887601111;41.15884;-8.609187;-0.1502587;0.7183572
1887601114;41.15524;-8.606264;-0.1502076;0.7182945
1887601117;41.15862;-8.609364;-0.1502617;0.7183534
1887601133;41.1558;-8.606046;-0.1502038;0.7183043
1887601134;41.15354;-8.605438;-0.1501932;0.7182648
1887601140;41.15825;-8.609317;-0.1502609;0.718347
1165604111;41.16633;-8.609676;-0.1502672;0.718488
1165604140;41.16576;-8.609718;-0.1502679;0.718478
1209790934;41.16873;-8.606514;-0.150212;0.7185299
1209790950;41.16549;-8.606463;-0.1502111;0.7184733
1209790954;41.16804;-8.606532;-0.1502123;0.7185178
1209790956;41.1689;-8.606495;-0.1502117;0.7185329
1209790958;41.16543;-8.606421;-0.1502104;0.7184722
1209790968;41.16899;-8.606453;-0.1502109;0.7185345
1209790922;41.1502;-8.609395;-0.1502623;0.7182064
1209790951;41.16645;-8.606549;-0.1502126;0.7184901
1209790928;41.15567;-8.610014;-0.1502731;0.718302
1216466345;41.16048;-8.621309;-0.1504702;0.7183859
1216466349;41.16558;-8.622508;-0.1504911;0.718475
1216466398;41.16484;-8.612454;-0.1503157;0.718462
1216466401;41.16573;-8.61819;-0.1504158;0.7184774
1216466414;41.16711;-8.621265;-0.1504695;0.7185017
1216466491;41.16487;-8.619879;-0.1504453;0.7184625
1216466378;41.16278;-8.621479;-0.1504732;0.7184261
1216466336;41.16419;-8.613936;-0.1503416;0.7184507
1216789877;41.16045;-8.622572;-0.1504923;0.7183853
1216789880;41.15891;-8.621306;-0.1504702;0.7183584
1216789883;41.15904;-8.611999;-0.1503077;0.7183607
1216789885;41.15955;-8.613129;-0.1503275;0.7183697
1216789889;41.15921;-8.622984;-0.1504995;0.7183638
1216789894;41.15955;-8.611868;-0.1503054;0.7183697
1216789896;41.15956;-8.613037;-0.1503258;0.7183699
1216789882;41.15911;-8.613848;-0.15034;0.718362
1290733867;41.16485;-8.593397;-0.1499831;0.7184622
1293997458;41.15935;-8.613445;-0.150333;0.7183662
1293997461;41.15931;-8.61349;-0.1503338;0.7183655
1293997462;41.15947;-8.613362;-0.1503315;0.7183683
1293997463;41.15937;-8.613373;-0.1503317;0.7183665
1309301158;41.15629;-8.597206;-0.1500496;0.7183127
1309301159;41.15625;-8.597457;-0.1500539;0.7183121
1309301160;41.15611;-8.597594;-0.1500563;0.7183095
1309301161;41.15629;-8.597347;-0.150052;0.7183127
1309301162;41.15602;-8.59768;-0.1500578;0.7183082
1309301163;41.15614;-8.59839;-0.1500702;0.7183101
1387283703;41.16555;-8.598621;-0.1500743;0.7184744
1417675671;41.15687;-8.622762;-0.1504956;0.7183229
1416641674;41.15792;-8.622315;-0.1504878;0.7183412
1417693657;41.15581;-8.620972;-0.1504643;0.7183044
1417693658;41.15587;-8.620849;-0.1504622;0.7183055
1419645369;41.15474;-8.620464;-0.1504555;0.7182857
1419645372;41.15481;-8.620605;-0.1504579;0.718287
1419645374;41.15483;-8.619997;-0.1504473;0.7182873
1419645375;41.15493;-8.620546;-0.1504569;0.718289
1419645377;41.15501;-8.619847;-0.1504447;0.7182904
1419645378;41.15532;-8.619565;-0.1504398;0.7182959
1419645373;41.15482;-8.620939;-0.1504638;0.7182871
1541417284;41.16565;-8.594059;-0.1499946;0.7184761
1541417306;41.16579;-8.593939;-0.1499925;0.7184785
1541417314;41.1659;-8.594943;-0.15001;0.7184806
1541417319;41.166;-8.594633;-0.1500046;0.7184823
1541417331;41.16607;-8.595028;-0.1500115;0.7184835
1541417332;41.16616;-8.594721;-0.1500062;0.7184851
1541417335;41.16679;-8.595078;-0.1500124;0.718496
1290701032;41.16446;-8.59052;-0.1499329;0.7184553
1548515353;41.16695;-8.59731;-0.1500514;0.7184988
1548540054;41.16491;-8.598259;-0.1500679;0.7184632
1548540056;41.16498;-8.598049;-0.1500643;0.7184644
1548540057;41.1651;-8.598445;-0.1500712;0.7184665
1548540059;41.16517;-8.598778;-0.150077;0.7184678
1548540061;41.16631;-8.602367;-0.1501396;0.7184876
1548540063;41.16653;-8.6034;-0.1501577;0.7184916
1676280588;41.15188;-8.609861;-0.1502704;0.7182359
1684865554;41.15303;-8.61831;-0.1504179;0.7182559
1684865555;41.15335;-8.621037;-0.1504655;0.7182614
1684865551;41.1525;-8.620785;-0.1504611;0.7182467
1788787056;41.15509;-8.611999;-0.1503077;0.7182919
1788787075;41.15518;-8.61321;-0.1503289;0.7182934
1788787081;41.15532;-8.613539;-0.1503346;0.7182958
1788787104;41.15539;-8.613395;-0.1503321;0.718297
1788787115;41.15549;-8.613309;-0.1503306;0.7182988
1788787124;41.15553;-8.609238;-0.1502595;0.7182995
1788787030;41.15499;-8.613303;-0.1503305;0.71829
1788786041;41.15187;-8.615677;-0.1503719;0.7182357
1788786080;41.15202;-8.615699;-0.1503723;0.7182382
1788786187;41.15223;-8.596996;-0.1500459;0.7182418
1788786297;41.1525;-8.59727;-0.1500507;0.7182467
1788786308;41.15256;-8.596798;-0.1500424;0.7182477
1788786450;41.15458;-8.595391;-0.1500179;0.718283
1788787195;41.15588;-8.6057;-0.1501978;0.7183056
1788787223;41.15602;-8.617698;-0.1504072;0.718308
1788787242;41.15611;-8.617784;-0.1504087;0.7183097
1788787260;41.15625;-8.613791;-0.150339;0.7183121
1788787262;41.15631;-8.613948;-0.1503417;0.7183132
1788787287;41.15638;-8.6141;-0.1503444;0.7183143
1788787299;41.15644;-8.61365;-0.1503366;0.7183153
1788787319;41.1565;-8.613816;-0.1503395;0.7183164
1788787340;41.15656;-8.613968;-0.1503421;0.7183174
1788787593;41.15709;-8.60924;-0.1502596;0.7183268
1788787713;41.15748;-8.614721;-0.1503552;0.7183335
1788787958;41.15887;-8.598473;-0.1500717;0.7183577
1788788006;41.15915;-8.597692;-0.150058;0.7183627
1165604124;41.16086;-8.607533;-0.1502298;0.7183926
1419645367;41.15472;-8.620312;-0.1504528;0.7182854
1419645371;41.15474;-8.620103;-0.1504492;0.7182856
1548540055;41.16492;-8.59753;-0.1500552;0.7184634
1829027319;41.15561;-8.610118;-0.1502749;0.7183009
1829027320;41.15557;-8.610204;-0.1502764;0.7183002
1829027321;41.15553;-8.610312;-0.1502783;0.7182994
1829027322;41.15551;-8.610399;-0.1502798;0.7182991
1842003094;41.16436;-8.590756;-0.149937;0.7184537
2025523125;41.16074;-8.598221;-0.1500673;0.7183903
2025523127;41.1619;-8.598013;-0.1500636;0.7184107
2025523129;41.1599;-8.600791;-0.1501121;0.7183757
2025523130;41.16199;-8.598105;-0.1500652;0.7184123
2025540187;41.15604;-8.594973;-0.1500106;0.7183084
2025540186;41.15595;-8.594838;-0.1500082;0.7183069
2053569805;41.15154;-8.597414;-0.1500532;0.7182298
2053571357;41.15203;-8.599337;-0.1500867;0.7182384
2053571358;41.15254;-8.597475;-0.1500542;0.7182473
2053571359;41.15186;-8.597909;-0.1500618;0.7182354
2053571361;41.15166;-8.599661;-0.1500924;0.718232
2053571363;41.15202;-8.598763;-0.1500767;0.7182382
2053571406;41.15256;-8.597469;-0.1500541;0.7182477
2053571360;41.1517;-8.600005;-0.1500984;0.7182326
2053572823;41.15203;-8.598854;-0.1500783;0.7182384
2053572824;41.1524;-8.598637;-0.1500745;0.718245
2053572825;41.15242;-8.598731;-0.1500762;0.7182453
2053571362;41.1521;-8.59923;-0.1500849;0.7182396
2053573065;41.15233;-8.598221;-0.1500673;0.7182437
2053573066;41.15234;-8.59832;-0.150069;0.7182439
2053573068;41.15197;-8.598521;-0.1500725;0.7182373
2053573067;41.15263;-8.598039;-0.1500641;0.718249
2053572445;41.15279;-8.598986;-0.1500806;0.7182516
2053572447;41.1525;-8.599113;-0.1500828;0.7182467
2053573404;41.15303;-8.599066;-0.150082;0.7182558
2053572822;41.15272;-8.598559;-0.1500732;0.7182505
2053579183;41.15296;-8.596564;-0.1500383;0.7182547
2053579184;41.15296;-8.596249;-0.1500328;0.7182547
2053578105;41.15307;-8.595997;-0.1500285;0.7182566
2053578106;41.15282;-8.596094;-0.1500302;0.7182523
2053578411;41.15309;-8.596209;-0.1500321;0.718257
2053579208;41.15327;-8.596382;-0.1500352;0.71826
2053583469;41.15458;-8.593709;-0.1499885;0.7182829
2053585638;41.15446;-8.594586;-0.1500038;0.7182809
2053585640;41.1544;-8.594421;-0.1500009;0.7182797
2053585642;41.15459;-8.594785;-0.1500073;0.7182831
2053585644;41.1545;-8.594558;-0.1500033;0.7182816
2053584360;41.15407;-8.594533;-0.1500029;0.7182741
2053584361;41.15444;-8.594406;-0.1500007;0.7182804
2053584362;41.15478;-8.594096;-0.1499953;0.7182864
2053588077;41.1538;-8.593063;-0.1499773;0.7182694
2065228635;41.15362;-8.596178;-0.1500316;0.7182662
2086430189;41.15441;-8.609346;-0.1502614;0.71828
2086430190;41.15455;-8.608407;-0.150245;0.7182825
2086430191;41.15435;-8.608467;-0.1502461;0.718279
2086430192;41.15441;-8.608858;-0.1502529;0.7182799
2086430193;41.15462;-8.608852;-0.1502528;0.7182837
2086430194;41.15446;-8.609464;-0.1502635;0.7182808
2161007712;41.16026;-8.602045;-0.150134;0.718382
2161007716;41.16033;-8.602242;-0.1501374;0.7183833
2161007717;41.16042;-8.602255;-0.1501377;0.7183848
2161007720;41.16055;-8.60224;-0.1501374;0.7183871
2161007722;41.16027;-8.602118;-0.1501353;0.7183822
2161007724;41.16031;-8.602228;-0.1501372;0.7183828
2161007726;41.16029;-8.602177;-0.1501363;0.7183826
2161007727;41.16047;-8.602251;-0.1501376;0.7183856
2161007730;41.16051;-8.602237;-0.1501373;0.7183864
2161007731;41.16037;-8.60225;-0.1501376;0.718384
2165544743;41.15793;-8.598237;-0.1500676;0.7183414
2165544754;41.15799;-8.598116;-0.1500654;0.7183425
2165544769;41.15855;-8.598716;-0.1500759;0.7183522
2165604357;41.16204;-8.614335;-0.1503485;0.7184132
2165604359;41.16122;-8.614504;-0.1503514;0.7183987
2196549040;41.16095;-8.604155;-0.1501708;0.7183941
2202026230;41.15178;-8.59952;-0.1500899;0.7182341
2202026261;41.15627;-8.60773;-0.1502332;0.7183124
2053588290;41.15395;-8.593216;-0.1499799;0.7182719
2213493593;41.15403;-8.612026;-0.1503082;0.7182733
2242804359;41.15159;-8.609569;-0.1502653;0.7182307
2246054719;41.14818;-8.612148;-0.1503103;0.7181712
2246086928;41.14825;-8.61215;-0.1503104;0.7181724
2250812465;41.15444;-8.613316;-0.1503307;0.7182804
2250812484;41.15464;-8.61331;-0.1503306;0.7182839
2250812512;41.15427;-8.613325;-0.1503309;0.7182775
2250812461;41.15442;-8.612016;-0.150308;0.7182802
2250812489;41.1551;-8.612561;-0.1503175;0.7182921
2250812504;41.15374;-8.612705;-0.1503201;0.7182682
2250812526;41.15429;-8.61202;-0.1503081;0.7182779
2250812531;41.15456;-8.612012;-0.150308;0.7182826
2250873409;41.15543;-8.618795;-0.1504264;0.7182977
2250873413;41.15536;-8.618853;-0.1504274;0.7182966
2250873416;41.15599;-8.61804;-0.1504132;0.7183076
2363578526;41.16048;-8.604552;-0.1501778;0.718386
2363578524;41.16044;-8.604785;-0.1501818;0.7183852
2363578528;41.16048;-8.604909;-0.150184;0.7183858
2363578561;41.16234;-8.605239;-0.1501898;0.7184184
2363578568;41.16339;-8.595743;-0.150024;0.7184367
2363578573;41.16344;-8.596117;-0.1500305;0.7184375
2363578574;41.16355;-8.596994;-0.1500459;0.7184395
2363578580;41.16396;-8.595634;-0.1500221;0.7184466
2363578582;41.16401;-8.596007;-0.1500286;0.7184474
2363578583;41.16413;-8.596898;-0.1500442;0.7184495
2363578584;41.16422;-8.603508;-0.1501595;0.7184511
2363578585;41.16439;-8.603262;-0.1501552;0.7184541
1278184346;41.14914;-8.609488;-0.1502639;0.718188
2366098060;41.14938;-8.609517;-0.1502644;0.7181921
2366154016;41.14947;-8.609518;-0.1502644;0.7181938
2366154047;41.14982;-8.609494;-0.150264;0.7181999
2367470972;41.14886;-8.607809;-0.1502346;0.7181831
2397184730;41.15692;-8.61383;-0.1503397;0.7183238
2397188706;41.1571;-8.615089;-0.1503617;0.7183269
2397188707;41.15706;-8.615288;-0.1503651;0.7183262
2397188708;41.15696;-8.615723;-0.1503727;0.7183245
2397188709;41.15755;-8.614697;-0.1503548;0.7183348
2397188710;41.15683;-8.616476;-0.1503859;0.7183222
2397188712;41.15763;-8.614258;-0.1503472;0.7183362
2397188714;41.15759;-8.614542;-0.1503521;0.7183354
2397188715;41.15704;-8.615564;-0.15037;0.7183259
2397188716;41.15739;-8.615129;-0.1503624;0.7183321
2397188717;41.15701;-8.615634;-0.1503712;0.7183253
2397188718;41.15724;-8.615073;-0.1503614;0.7183294
2397188719;41.15712;-8.615335;-0.150366;0.7183273
2397188720;41.1569;-8.615843;-0.1503748;0.7183234
2397188721;41.15693;-8.615816;-0.1503744;0.718324
2397188722;41.15747;-8.614936;-0.150359;0.7183334
2397188723;41.15708;-8.614985;-0.1503599;0.7183266
2397188726;41.15725;-8.614971;-0.1503596;0.7183296
2397188727;41.15701;-8.615467;-0.1503683;0.7183253
2397188728;41.15714;-8.615457;-0.1503681;0.7183276
2397188730;41.15732;-8.615274;-0.1503649;0.7183308
2397188731;41.15724;-8.615376;-0.1503667;0.7183294
2397188734;41.15705;-8.615489;-0.1503686;0.7183261
2397188711;41.15597;-8.617433;-0.1504026;0.7183071
2397460873;41.15814;-8.614073;-0.1503439;0.718345
2397460874;41.15866;-8.613925;-0.1503413;0.7183541
2455291497;41.16038;-8.622344;-0.1504883;0.7183841
2455291499;41.1605;-8.622274;-0.1504871;0.7183862
2455291500;41.16043;-8.62118;-0.150468;0.718385
2455291502;41.16029;-8.621661;-0.1504764;0.7183827
2455291504;41.16046;-8.622387;-0.150489;0.7183855
2352603829;41.14876;-8.607848;-0.1502353;0.7181813
1788786020;41.15182;-8.616377;-0.1503841;0.7182348
1788786062;41.15197;-8.616399;-0.1503845;0.7182373
1788786109;41.1521;-8.61571;-0.1503725;0.7182395
1788786086;41.15203;-8.616764;-0.1503909;0.7182384
1788786094;41.15204;-8.616815;-0.1503918;0.7182387
1788786097;41.15206;-8.61641;-0.1503847;0.7182389
1788786107;41.15207;-8.616844;-0.1503923;0.7182391
1788786128;41.15211;-8.615781;-0.1503737;0.7182398
1788786143;41.15213;-8.615742;-0.1503731;0.7182401
1788786155;41.15216;-8.615726;-0.1503728;0.7182407
1788786305;41.15255;-8.61578;-0.1503737;0.7182475
1788786281;41.15246;-8.6169;-0.1503933;0.7182459
2242805402;41.1506;-8.610244;-0.1502771;0.7182136
1422611542;41.153;-8.606385;-0.1502098;0.7182553
2204100015;41.1521;-8.60605;-0.1502039;0.7182396
2204099938;41.1501;-8.607181;-0.1502236;0.7182047
2165604353;41.16208;-8.614329;-0.1503484;0.7184139
2161007729;41.16057;-8.602332;-0.150139;0.7183874
1788787039;41.15507;-8.613317;-0.1503307;0.7182915
1788787052;41.15508;-8.613183;-0.1503284;0.7182916
1788787061;41.1551;-8.613042;-0.1503259;0.7182921
2250873401;41.1553;-8.618872;-0.1504277;0.7182955
2295955853;41.16565;-8.598649;-0.1500747;0.7184761
2363578530;41.16062;-8.604352;-0.1501743;0.7183883
2363578531;41.16063;-8.60501;-0.1501858;0.7183885
2363578534;41.16083;-8.605019;-0.1501859;0.718392
2363578555;41.16141;-8.603951;-0.1501673;0.7184021
2363578556;41.16164;-8.604541;-0.1501776;0.7184061
2585545679;41.16448;-8.609524;-0.1502645;0.7184557
2585545684;41.16507;-8.611555;-0.1503;0.7184659
2585545686;41.16474;-8.612445;-0.1503155;0.7184602
2585545688;41.16319;-8.60893;-0.1502542;0.7184331
2585539002;41.16473;-8.613772;-0.1503387;0.7184601
2585539003;41.16481;-8.61375;-0.1503383;0.7184614
2692624395;41.15269;-8.615726;-0.1503728;0.71825
2749809974;41.15392;-8.614236;-0.1503468;0.7182714
2749809975;41.15371;-8.614286;-0.1503477;0.7182678
2749809976;41.15369;-8.614289;-0.1503477;0.7182673
2749809977;41.15368;-8.614269;-0.1503474;0.7182673
2749809978;41.15368;-8.614244;-0.1503469;0.7182673
2749809979;41.15372;-8.614197;-0.1503461;0.718268
2749809980;41.1543;-8.614016;-0.1503429;0.7182781
2749809981;41.15369;-8.614213;-0.1503464;0.7182674
2829209600;41.15192;-8.604057;-0.1501691;0.7182364
2829209701;41.15193;-8.603505;-0.1501595;0.7182366
2884825964;41.15229;-8.615673;-0.1503719;0.718243
2884825970;41.15229;-8.61565;-0.1503715;0.7182429
2884825971;41.15178;-8.615387;-0.1503669;0.7182341
2884825976;41.15159;-8.615385;-0.1503668;0.7182308
2884825978;41.15176;-8.615441;-0.1503678;0.7182338
2884825979;41.15179;-8.615379;-0.1503667;0.7182342
2884825983;41.15176;-8.615442;-0.1503678;0.7182336
2884825987;41.15179;-8.615378;-0.1503667;0.7182343
2884825989;41.15177;-8.615435;-0.1503677;0.7182338
2884840234;41.15269;-8.615706;-0.1503724;0.71825
2884840235;41.15244;-8.615658;-0.1503716;0.7182456
2884825975;41.15229;-8.615741;-0.150373;0.7182429
2884965105;41.15264;-8.61579;-0.1503739;0.718249
2884965107;41.15254;-8.616912;-0.1503935;0.7182474
2893389981;41.1498;-8.612104;-0.1503096;0.7181996
2896394650;41.15341;-8.61115;-0.1502929;0.7182625
2896394657;41.15353;-8.611149;-0.1502929;0.7182646
2904498647;41.1514;-8.609535;-0.1502647;0.7182274
2912153172;41.1532;-8.609986;-0.1502726;0.7182589
2912153173;41.15203;-8.610076;-0.1502742;0.7182385
2912153176;41.15319;-8.610055;-0.1502738;0.7182587
2896727653;41.15195;-8.610089;-0.1502744;0.718237
2912153175;41.15193;-8.60992;-0.1502714;0.7182367
2912181001;41.15347;-8.60901;-0.1502556;0.7182635
2912181002;41.15349;-8.609036;-0.150256;0.7182639
2912181003;41.15339;-8.609005;-0.1502555;0.7182621
2912181005;41.1535;-8.609059;-0.1502564;0.718264
2912181006;41.15346;-8.609005;-0.1502555;0.7182633
2912181007;41.15348;-8.60902;-0.1502558;0.7182637
2912182795;41.15345;-8.608644;-0.1502492;0.7182633
2912182796;41.15349;-8.608581;-0.1502481;0.7182639
2912182797;41.15348;-8.608606;-0.1502485;0.7182638
2912182798;41.15347;-8.608622;-0.1502488;0.7182636
2912182799;41.15347;-8.608635;-0.150249;0.7182634
2912182800;41.15339;-8.608643;-0.1502492;0.7182621
2912188492;41.1526;-8.6081;-0.1502397;0.7182483
2914696271;41.15232;-8.610828;-0.1502873;0.7182435
2914696272;41.1523;-8.610879;-0.1502882;0.7182431
2914696273;41.1523;-8.61086;-0.1502879;0.7182431
2914696276;41.1523;-8.610848;-0.1502877;0.7182432
2937870609;41.15104;-8.608534;-0.1502473;0.7182212
2937870610;41.15219;-8.608196;-0.1502414;0.7182412
2912188490;41.15258;-8.608122;-0.1502401;0.718248
2912188486;41.1526;-8.608074;-0.1502392;0.7182484
2912188495;41.1526;-8.60804;-0.1502386;0.7182484
2912188496;41.15255;-8.608138;-0.1502403;0.7182475
2904549004;41.15137;-8.609561;-0.1502652;0.7182269
2912153177;41.15208;-8.610016;-0.1502731;0.7182394
2939566885;41.15306;-8.606345;-0.1502091;0.7182564
2939566888;41.15334;-8.606627;-0.150214;0.7182614
2939566889;41.15309;-8.606337;-0.1502089;0.7182569
2939566891;41.15303;-8.606356;-0.1502092;0.7182559
2939566892;41.15312;-8.606335;-0.1502089;0.7182574
2939568407;41.15319;-8.606374;-0.1502096;0.7182587
2939568408;41.15323;-8.606414;-0.1502103;0.7182594
2939568411;41.15338;-8.606706;-0.1502154;0.718262
2939568418;41.15316;-8.606345;-0.1502091;0.7182581
2939568421;41.15327;-8.606464;-0.1502111;0.71826
2939568422;41.15331;-8.606541;-0.1502125;0.7182606
2939568423;41.15341;-8.606782;-0.1502167;0.7182625
2939568414;41.15345;-8.60689;-0.1502186;0.7182632
2939688599;41.15245;-8.606593;-0.1502134;0.7182458
2939688590;41.15246;-8.606816;-0.1502173;0.718246
2939688591;41.15236;-8.606883;-0.1502184;0.7182441
2939688593;41.15241;-8.606853;-0.1502179;0.7182451
2939688594;41.15251;-8.606856;-0.150218;0.7182468
2939688595;41.15245;-8.606672;-0.1502148;0.7182457
2939688596;41.15247;-8.606774;-0.1502165;0.7182462
2939688597;41.15248;-8.60685;-0.1502179;0.7182463
2939688600;41.15245;-8.60685;-0.1502179;0.7182458
2939690201;41.15244;-8.606832;-0.1502175;0.7182456
2939690202;41.15245;-8.606623;-0.1502139;0.7182457
2939690204;41.15247;-8.606803;-0.1502171;0.7182461
2939690205;41.15253;-8.606868;-0.1502182;0.7182472
2939688589;41.15231;-8.606904;-0.1502188;0.7182434
2940931372;41.15229;-8.606818;-0.1502173;0.718243
2940931378;41.15236;-8.6067;-0.1502153;0.7182443
2939688592;41.15247;-8.60649;-0.1502116;0.718246
2940944679;41.15326;-8.60537;-0.150192;0.7182599
2940944695;41.15334;-8.605369;-0.150192;0.7182614
2940944686;41.15334;-8.605306;-0.1501909;0.7182612
2940944687;41.15321;-8.605405;-0.1501926;0.718259
2940956814;41.15337;-8.606394;-0.1502099;0.7182617
2941001644;41.15308;-8.606168;-0.150206;0.7182568
2941001650;41.1534;-8.606527;-0.1502122;0.7182624
2940944907;41.15344;-8.605178;-0.1501887;0.718263
2940944903;41.1534;-8.605249;-0.1501899;0.7182623
3092699099;41.15348;-8.606359;-0.1502093;0.7182638
3092699110;41.15356;-8.604778;-0.1501817;0.7182651
3092699111;41.15342;-8.606393;-0.1502099;0.7182627
3092699113;41.15344;-8.605368;-0.150192;0.718263
3092747263;41.16059;-8.594136;-0.149996;0.7183878
3092747264;41.16054;-8.594036;-0.1499942;0.7183869
3092747265;41.16041;-8.593962;-0.1499929;0.7183847
3092747271;41.16036;-8.593995;-0.1499935;0.7183838
3092747276;41.16048;-8.593959;-0.1499929;0.7183859
3103762794;41.15884;-8.616985;-0.1503948;0.7183573
3103762792;41.15956;-8.616221;-0.1503814;0.7183699
3103770912;41.15927;-8.614552;-0.1503523;0.7183647
3103787337;41.16161;-8.614424;-0.1503501;0.7184056
3103789775;41.16615;-8.613646;-0.1503365;0.7184849
3117018924;41.16421;-8.618407;-0.1504196;0.718451
3117707239;41.16327;-8.62392;-0.1505158;0.7184346
3121467180;41.16057;-8.616136;-0.1503799;0.7183874
3121467182;41.1606;-8.616284;-0.1503825;0.718388
3121467183;41.16064;-8.616338;-0.1503835;0.7183888
3121467181;41.16069;-8.616337;-0.1503834;0.7183896
3103787350;41.15971;-8.614661;-0.1503542;0.7183725
3130312342;41.15193;-8.610272;-0.1502776;0.7182366
3130311628;41.15077;-8.610099;-0.1502746;0.7182164
3140319385;41.1576;-8.614464;-0.1503507;0.7183356
3151883335;41.15964;-8.616076;-0.1503789;0.7183713
3151883336;41.15991;-8.615582;-0.1503703;0.718376
3151894353;41.15803;-8.616876;-0.1503928;0.7183431
3151894354;41.15794;-8.616406;-0.1503847;0.7183415
3151894358;41.15773;-8.617006;-0.1503951;0.7183379
3151894359;41.15764;-8.61661;-0.1503882;0.7183363
3151894360;41.15771;-8.616936;-0.1503939;0.7183377
3151895461;41.15736;-8.617078;-0.1503964;0.7183315
3151895462;41.15823;-8.616816;-0.1503918;0.7183467
3151895463;41.15814;-8.616388;-0.1503844;0.7183451
3151895464;41.15815;-8.616358;-0.1503838;0.7183453
3151895465;41.15809;-8.616061;-0.1503786;0.7183442
3151895466;41.158;-8.616088;-0.1503791;0.7183427
3152670753;41.15773;-8.618009;-0.1504126;0.718338
3152793551;41.15905;-8.617318;-0.1504006;0.718361
3152793555;41.15876;-8.617455;-0.1504029;0.7183558
3152794979;41.15895;-8.617383;-0.1504017;0.7183593
3152794980;41.15847;-8.617545;-0.1504045;0.7183508
3152794981;41.15821;-8.617548;-0.1504046;0.7183464
3152794982;41.1582;-8.617427;-0.1504025;0.7183462
3152805766;41.15919;-8.620187;-0.1504506;0.7183633
3152805767;41.15913;-8.62013;-0.1504496;0.7183624
3152805768;41.15923;-8.619925;-0.1504461;0.7183641
3152805769;41.15925;-8.619649;-0.1504413;0.7183645
3152805770;41.15935;-8.619662;-0.1504415;0.7183662
3152805771;41.1594;-8.619612;-0.1504406;0.7183672
3152805772;41.15945;-8.619613;-0.1504406;0.718368
3152805773;41.15947;-8.619242;-0.1504342;0.7183683
3152805774;41.15939;-8.619239;-0.1504341;0.7183669
3152805775;41.15931;-8.619972;-0.1504469;0.7183654
3152805776;41.15932;-8.61991;-0.1504458;0.7183657
3152805777;41.15934;-8.61966;-0.1504415;0.7183659
3152805778;41.15931;-8.619943;-0.1504464;0.7183656
3152805779;41.15947;-8.620005;-0.1504475;0.7183684
3152805780;41.15955;-8.619676;-0.1504417;0.7183696
3152805781;41.15945;-8.620108;-0.1504493;0.7183679
3153341345;41.15813;-8.619702;-0.1504422;0.7183449
3153341346;41.15813;-8.619609;-0.1504406;0.7183449
3153341347;41.15812;-8.619009;-0.1504301;0.7183446
3153341348;41.15816;-8.619025;-0.1504304;0.7183454
3153341349;41.15899;-8.619303;-0.1504352;0.7183599
3153341350;41.15902;-8.619322;-0.1504356;0.7183604
3153341351;41.15903;-8.619365;-0.1504363;0.7183607
3153341352;41.15902;-8.619788;-0.1504437;0.7183605
3153341353;41.159;-8.61983;-0.1504444;0.7183601
3153341354;41.15897;-8.619863;-0.150445;0.7183596
3153341355;41.15893;-8.619876;-0.1504452;0.7183588
3153341356;41.15877;-8.619866;-0.150445;0.7183561
3153341357;41.15872;-8.619843;-0.1504447;0.7183551
3153341358;41.15873;-8.619749;-0.150443;0.7183553
3153341359;41.1587;-8.619733;-0.1504427;0.7183549
3153341360;41.15827;-8.619674;-0.1504417;0.7183473
3153342961;41.15811;-8.618527;-0.1504217;0.7183446
3153342962;41.15811;-8.618969;-0.1504294;0.7183446
3153342963;41.15844;-8.61912;-0.150432;0.7183504
3153342964;41.15844;-8.619316;-0.1504354;0.7183503
3153342965;41.15887;-8.619263;-0.1504345;0.7183578
3153342966;41.15887;-8.619471;-0.1504381;0.7183577
3153342968;41.15862;-8.619179;-0.150433;0.7183534
3153361319;41.15809;-8.619656;-0.1504414;0.7183442
3147570616;41.16149;-8.612852;-0.1503226;0.7184035
3153341344;41.15813;-8.619786;-0.1504437;0.718345
3140361000;41.15763;-8.618076;-0.1504138;0.7183362
3140361001;41.15769;-8.618067;-0.1504136;0.7183372
3140361003;41.15766;-8.617492;-0.1504036;0.7183366
3140361002;41.15779;-8.617874;-0.1504103;0.7183389
3140385688;41.16063;-8.618855;-0.1504274;0.7183886
3140385689;41.16072;-8.618735;-0.1504253;0.7183902
3140385690;41.1609;-8.618832;-0.150427;0.7183932
3140385691;41.16051;-8.61894;-0.1504289;0.7183865
3140393452;41.16139;-8.619795;-0.1504438;0.7184017
3140393453;41.16168;-8.61914;-0.1504324;0.7184068
3140393454;41.16167;-8.618925;-0.1504286;0.7184067
3147163296;41.16057;-8.61305;-0.1503261;0.7183875
3147563234;41.16026;-8.616077;-0.1503789;0.7183821
3147563235;41.16196;-8.614353;-0.1503488;0.7184117
3147163297;41.16051;-8.613445;-0.150333;0.7183864
3147589758;41.15717;-8.617786;-0.1504087;0.7183281
3147589759;41.15734;-8.61843;-0.15042;0.718331
3147589760;41.1572;-8.618357;-0.1504187;0.7183286
3147589761;41.15702;-8.618207;-0.1504161;0.7183256
3147589762;41.15722;-8.617956;-0.1504117;0.7183289
3148917487;41.15782;-8.604574;-0.1501781;0.7183394
3148917488;41.15784;-8.60412;-0.1501702;0.7183399
3148917489;41.15792;-8.604051;-0.150169;0.7183413
3148917490;41.15795;-8.603445;-0.1501585;0.7183418
3148917491;41.15782;-8.604479;-0.1501765;0.7183395
3148938215;41.15679;-8.616336;-0.1503834;0.7183215
3148938210;41.15577;-8.616264;-0.1503822;0.7183037
3148938211;41.15622;-8.616135;-0.1503799;0.7183115
3148938212;41.15625;-8.616209;-0.1503812;0.718312
3148938213;41.15644;-8.61631;-0.150383;0.7183155
3148938214;41.15583;-8.616249;-0.1503819;0.7183047
3148938216;41.15676;-8.615939;-0.1503765;0.718321
3148938217;41.15657;-8.615291;-0.1503652;0.7183176
3148938218;41.15651;-8.615258;-0.1503646;0.7183167
3148938219;41.15636;-8.61534;-0.1503661;0.7183141
3148938220;41.15631;-8.61561;-0.1503708;0.7183132
3148938221;41.15641;-8.616053;-0.1503785;0.7183148
3148938222;41.15651;-8.616213;-0.1503813;0.7183167
3148938223;41.15667;-8.616063;-0.1503787;0.7183194
3148938224;41.15675;-8.616161;-0.1503804;0.7183207
3149449339;41.16035;-8.616239;-0.1503817;0.7183837
3149449341;41.16034;-8.616162;-0.1503804;0.7183835
3149449342;41.16016;-8.616026;-0.150378;0.7183804
3149449343;41.15995;-8.616055;-0.1503785;0.7183767
3149449345;41.15955;-8.616011;-0.1503778;0.7183696
3149449344;41.15971;-8.616066;-0.1503787;0.7183725
3149449346;41.15946;-8.615869;-0.1503753;0.7183681
3149497574;41.16087;-8.615946;-0.1503766;0.7183926
3149497575;41.16081;-8.615632;-0.1503711;0.7183917
3149497578;41.16136;-8.61544;-0.1503678;0.7184012
3149497579;41.16195;-8.615632;-0.1503711;0.7184116
3149497580;41.16188;-8.61525;-0.1503645;0.7184104
3149497581;41.16193;-8.615502;-0.1503689;0.7184111
3149497582;41.16137;-8.61562;-0.1503709;0.7184014
3149497583;41.16116;-8.615697;-0.1503723;0.7183978
3149497584;41.16084;-8.615772;-0.1503736;0.7183921
3149497585;41.16063;-8.615925;-0.1503763;0.7183885
3149497586;41.16033;-8.616075;-0.1503789;0.7183833
3149449340;41.16031;-8.615918;-0.1503761;0.7183829
3149497576;41.16086;-8.615898;-0.1503758;0.7183925
3157212422;41.16249;-8.614371;-0.1503491;0.718421
3157212423;41.16247;-8.614124;-0.1503448;0.7184207
3157226906;41.16734;-8.604523;-0.1501773;0.7185057
3157229007;41.16566;-8.604605;-0.1501787;0.7184762
3157229028;41.16722;-8.604528;-0.1501773;0.7185035
3157237201;41.16656;-8.60456;-0.1501779;0.718492
3157245366;41.16643;-8.604567;-0.150178;0.7184898
3157245367;41.1659;-8.604592;-0.1501785;0.7184806
3157226903;41.1655;-8.604612;-0.1501788;0.7184736
3387597862;41.15425;-8.596374;-0.150035;0.7182773
3387597863;41.15512;-8.595789;-0.1500248;0.7182924
3388020769;41.14603;-8.612208;-0.1503114;0.7181337
3388020773;41.14609;-8.612206;-0.1503114;0.7181348
3392711359;41.15229;-8.615706;-0.1503724;0.718243
3392711360;41.15231;-8.610839;-0.1502875;0.7182434
3392711361;41.15246;-8.616848;-0.1503924;0.718246
3392711362;41.1525;-8.616349;-0.1503837;0.7182467
3392711363;41.15343;-8.61115;-0.1502929;0.7182628
3392939455;41.1485;-8.607999;-0.1502379;0.7181768
3392939462;41.14916;-8.609491;-0.150264;0.7181883
3392939463;41.1492;-8.609497;-0.1502641;0.7181891
3392939470;41.1501;-8.609434;-0.150263;0.7182047
3392939485;41.15109;-8.608511;-0.1502469;0.718222
3392939993;41.15235;-8.606887;-0.1502185;0.718244
3392939997;41.15341;-8.608643;-0.1502492;0.7182625
3392939998;41.15341;-8.609005;-0.1502555;0.7182625
3392939999;41.15345;-8.60638;-0.1502097;0.7182631
3396198969;41.16135;-8.615731;-0.1503729;0.7184011
3396198979;41.16194;-8.615588;-0.1503704;0.7184114
3396198845;41.15804;-8.616931;-0.1503938;0.7183433
3396198846;41.15813;-8.619653;-0.1504413;0.7183449
3396198945;41.16035;-8.616197;-0.150381;0.7183837
3443071666;41.16573;-8.610927;-0.150289;0.7184776
3443071665;41.16562;-8.610934;-0.1502891;0.7184756
3446686441;41.15305;-8.618318;-0.150418;0.7182563
3446686442;41.15303;-8.618169;-0.1504154;0.7182559
3446686443;41.15294;-8.618266;-0.1504171;0.7182542
3446686444;41.15319;-8.617414;-0.1504023;0.7182587
3446686445;41.15308;-8.617432;-0.1504026;0.7182567
3446686446;41.15314;-8.617627;-0.150406;0.7182579
3446686447;41.15301;-8.617568;-0.1504049;0.7182555
3158291752;41.16139;-8.612406;-0.1503148;0.7184018
3158291753;41.1614;-8.612798;-0.1503217;0.7184019
3158291754;41.16134;-8.612859;-0.1503228;0.7184009
3158291755;41.16119;-8.612905;-0.1503235;0.7183983
3158291756;41.16116;-8.612878;-0.1503231;0.7183978
3158291757;41.16085;-8.612881;-0.1503231;0.7183923
3158291758;41.16081;-8.61291;-0.1503236;0.7183917
3158291759;41.16053;-8.612891;-0.1503233;0.7183868
3158291760;41.16047;-8.612843;-0.1503225;0.7183858
3158294361;41.16047;-8.612435;-0.1503154;0.7183856
3158294362;41.16143;-8.612403;-0.1503148;0.7184026
3158294363;41.16151;-8.612945;-0.1503242;0.7184039
3162256069;41.16189;-8.611784;-0.150304;0.7184106
3162256070;41.16193;-8.611816;-0.1503046;0.7184111
3162256071;41.16201;-8.612493;-0.1503164;0.7184125
3162256072;41.16196;-8.612535;-0.1503171;0.7184117
3162256074;41.16211;-8.612595;-0.1503181;0.7184142
3163927496;41.16319;-8.614867;-0.1503578;0.7184331
3163927497;41.16378;-8.614707;-0.150355;0.7184435
3163927498;41.16375;-8.614496;-0.1503513;0.7184429
3163927500;41.16382;-8.614951;-0.1503593;0.7184442
3163927501;41.16339;-8.615067;-0.1503613;0.7184367
3163927502;41.16335;-8.614824;-0.1503571;0.7184359
3163927499;41.16384;-8.615057;-0.1503611;0.7184445
3191978442;41.15995;-8.602726;-0.1501459;0.7183767
3191980461;41.16141;-8.601772;-0.1501292;0.7184021
3162256068;41.16178;-8.611815;-0.1503045;0.7184086
3162256073;41.16187;-8.612535;-0.1503171;0.7184101
3542361997;41.15359;-8.592763;-0.149972;0.7182657
3563651998;41.15075;-8.600178;-0.1501014;0.7182161
3563723606;41.15352;-8.596238;-0.1500327;0.7182644
3563723607;41.15378;-8.596539;-0.1500379;0.7182689
3569459093;41.15831;-8.59693;-0.1500447;0.718348
3569459094;41.15804;-8.59726;-0.1500505;0.7183433
3569459095;41.15811;-8.597341;-0.1500519;0.7183446
3569459096;41.15779;-8.596975;-0.1500455;0.718339
3569459097;41.15772;-8.597096;-0.1500476;0.7183377
3569459098;41.15772;-8.597136;-0.1500483;0.7183377
3569459100;41.15798;-8.597458;-0.1500539;0.7183423
3569459099;41.15776;-8.597203;-0.1500495;0.7183385
3569468993;41.16164;-8.603914;-0.1501666;0.7184062
3570147015;41.15797;-8.595006;-0.1500112;0.7183421
3570147018;41.15853;-8.594982;-0.1500107;0.7183518
3570147020;41.15871;-8.593431;-0.1499837;0.7183549
3652922413;41.16091;-8.618813;-0.1504267;0.7183934
3690631035;41.15186;-8.606188;-0.1502063;0.7182355
3690635855;41.15062;-8.60882;-0.1502523;0.7182138
3694518900;41.15007;-8.60944;-0.1502631;0.7182043
3694660029;41.15201;-8.606908;-0.1502189;0.7182381
3694660030;41.15203;-8.606995;-0.1502204;0.7182384
3694747849;41.15197;-8.605488;-0.1501941;0.7182373
3694747850;41.15201;-8.605467;-0.1501937;0.7182381
3694908966;41.15252;-8.604798;-0.1501821;0.7182469
3695777926;41.15196;-8.606712;-0.1502155;0.7182372
3696119701;41.15068;-8.606868;-0.1502182;0.7182149
3896082252;41.16016;-8.607877;-0.1502358;0.7183803
3896082253;41.16018;-8.607924;-0.1502366;0.7183806
3896082255;41.16227;-8.606832;-0.1502175;0.718417
3896082258;41.16238;-8.606776;-0.1502166;0.7184191
3896082259;41.16335;-8.606559;-0.1502128;0.7184361
3897692092;41.15535;-8.619152;-0.1504326;0.7182963
3897692116;41.15567;-8.620875;-0.1504627;0.7183019
3897692178;41.15675;-8.617931;-0.1504113;0.7183208
3897692185;41.15686;-8.617993;-0.1504124;0.7183226
3897692212;41.15816;-8.612222;-0.1503116;0.7183453
3897692232;41.16038;-8.610063;-0.1502739;0.7183841
3897692238;41.16064;-8.605197;-0.150189;0.7183887
3897692239;41.16065;-8.605457;-0.1501936;0.7183889
3897692240;41.16076;-8.605111;-0.1501875;0.7183907
3897692242;41.1608;-8.609894;-0.150271;0.7183915
3897692245;41.16127;-8.608643;-0.1502492;0.7183998
3897692246;41.16131;-8.608862;-0.150253;0.7184004
3897692248;41.16137;-8.609647;-0.1502667;0.7184015
3897692251;41.1615;-8.603972;-0.1501676;0.7184037
3897692254;41.16153;-8.609845;-0.1502701;0.7184042
3897692256;41.16156;-8.609596;-0.1502658;0.7184048
3897692257;41.16158;-8.604629;-0.1501791;0.7184051
3897692259;41.16179;-8.604466;-0.1501763;0.7184087
3897692260;41.16188;-8.60443;-0.1501756;0.7184103
3897692261;41.16195;-8.604362;-0.1501745;0.7184114
3897692272;41.16463;-8.592739;-0.1499716;0.7184583
3897692274;41.16503;-8.595673;-0.1500228;0.7184653
3897692275;41.16505;-8.59584;-0.1500257;0.7184657
3897692276;41.16508;-8.595632;-0.1500221;0.7184663
3897692277;41.16512;-8.59586;-0.1500261;0.7184669
3897692278;41.16515;-8.595641;-0.1500222;0.7184674
3897692279;41.16517;-8.595822;-0.1500254;0.7184678
3897692280;41.16568;-8.598565;-0.1500733;0.7184767
3900445951;41.16013;-8.607076;-0.1502218;0.7183798
3900445952;41.1604;-8.60664;-0.1502142;0.7183846
3912647844;41.16434;-8.624176;-0.1505203;0.7184533
3950967640;41.15108;-8.594239;-0.1499978;0.7182218
4077112087;41.15515;-8.602571;-0.1501432;0.7182929
4077112088;41.15516;-8.602794;-0.1501471;0.7182931
4077112090;41.15517;-8.602629;-0.1501442;0.7182933
4077112092;41.15518;-8.602725;-0.1501459;0.7182934
