8367072;25632284;25632283;
14329027;137994933;137994581;
14329062;137994655;137994933;
14329062;137994933;137994720;
14329021;137994583;129548927;
14329021;129548927;137992808;
14329021;137992808;137994581;
14329021;137994581;129552046;
14332862;138196594;138196470;
14333264;138213191;428217540;
14333264;428217540;138213192;
14333264;138213192;2455291497;
14333264;2455291497;138210915;
14334358;25632466;1165604095;
14334358;1165604095;2053573404;
14334358;2053573404;2053571406;
14334358;2053571406;1788786297;
23393871;253283034;3570147015;
23393871;3570147015;411842396;
25700630;129552045;280197437;
27292963;299610949;299611401;
27292963;299611401;2363578574;
27292963;2363578574;2363578573;
27292963;2363578573;2363578568;
27292963;2363578568;299611503;
27292953;122452409;299611381;
27292953;299611381;299612344;
27292953;299612344;299611581;
27292953;299611581;299611499;
27292953;299611499;299611503;
27293276;427277889;427277892;
27293276;427277892;128655671;
30405423;25632372;475052386;
30405423;475052386;25632361;
30405504;335561064;335561055;
30912868;343646669;343646672;
30912941;138208872;474549120;
30912941;474549120;138209120;
30912941;138209120;474549060;
31396444;1216789883;349907698;
31396444;349907698;129548929;
31396393;122452425;3897692256;
31396393;3897692256;126617430;
31396393;126617430;3897692248;
31396393;3897692248;3897692242;
31396393;3897692242;129548930;
31573198;129552048;353287405;
39507992;137994655;473240004;
39507992;473240004;473240005;
39507992;473240005;473240006;
39507992;473240006;3900445951;
39507992;3900445951;473240007;
39507992;473240007;473240008;
39507992;473240008;1165604042;
39549879;473240006;137992807;
39549973;473879871;473879878;
39549973;473879878;473880555;
39549973;473880555;473879884;
39549973;473879884;473882628;
39549973;473882628;473879887;
39549996;473882628;473882633;
39549954;473877733;473877734;
39549954;473877734;473877735;
39549954;473877735;473877736;
39549954;473877736;473877737;
39549954;473877737;1293997461;
39549954;1293997461;1293997458;
39549954;1293997458;1293997463;
39549954;1293997463;1293997462;
39549982;473880555;473882633;
39549982;473882633;473880558;
39586911;474543238;474541515;
39597779;474676238;3158294363;
39597779;3158294363;343646851;
39597692;474677888;343646841;
39597692;343646841;474677891;
39597692;474677891;474677896;
39597692;474677896;474677899;
39597692;474677899;474677900;
39597692;474677900;474677902;
39597692;474677902;474677907;
39597692;474677907;2397188712;
39597692;2397188712;474677911;
39597692;474677911;474677914;
39597692;474677914;474677917;
39597692;474677917;2397184730;
39597692;2397184730;474677919;
39597692;474677919;474677934;
39597692;474677934;129549521;
39598786;474789304;1216466414;
39598786;1216466414;474699485;
39598786;474699485;474699484;
39598786;474699484;474699483;
39598786;474699483;474698115;
39633344;475073406;475073423;
39633344;475073423;2397188710;
39633344;2397188710;3148938215;
39633344;3148938215;3148938224;
39633589;474802739;1216466336;
39631697;474385800;475044410;
39633834;475081801;475081804;
39633884;474676240;475082788;
39633884;475082788;475082790;
39633884;475082790;475082792;
39633884;475082792;475082794;
39633884;475082794;475082796;
39633884;475082796;475082799;
39650861;475334479;475333883;
39650790;1216466378;475333883;
39650163;475328014;475328017;
39653580;1143317949;475352608;
39650208;475329138;475329142;
39653971;475354600;475354682;
41738237;513920950;513920967;
41738237;513920967;513920996;
41738234;513920937;513921231;
41738234;513921231;513920950;
41738234;513920950;513920936;
41738249;513921229;513921231;
39653956;475353910;475354600;
39653956;475354600;475354599;
41738424;513925553;513925568;
41738424;513925568;513925574;
41738424;513925574;513925578;
39657991;475394859;475394863;
39657991;475394863;475392102;
39657991;475392102;475394871;
39657991;475394871;1422610108;
39657991;1422610108;475394841;
39657990;475394841;128560274;
39657916;475392102;475392099;
8367155;353287405;452518383;
8367155;452518383;126617351;
13715487;126617427;474682657;
13715487;474682657;474683167;
13715487;474683167;475081801;
13715487;475081801;2165604353;
13715487;2165604353;475082799;
13715487;475082799;474676240;
13715487;474676240;343646851;
13715487;343646851;3162256073;
13715487;3162256073;3162256068;
13715487;3162256068;126617428;
34607524;1110698299;1110698273;
34607524;1110698273;2213493593;
8367093;25632374;475396372;
8367093;475396372;129549662;
34607492;25620653;1110698260;
13716624;122452412;404754617;
34613951;138197779;138198392;
34613951;138198392;452518414;
34613951;452518414;138198390;
34613951;138198390;452518418;
34613951;452518418;452518383;
14332900;122452417;3191980461;
14332900;3191980461;2161007729;
14332900;2161007729;3191978442;
14332900;3191978442;126617352;
34614000;138198390;126617352;
34612905;402004623;402016670;
34612905;402016670;2025523129;
34612905;2025523129;402007436;
23393876;253283034;3570147018;
23393876;3570147018;253283047;
27292822;299610700;773982493;
27292822;773982493;299611055;
27292822;299611055;3897692275;
27292822;3897692275;3897692274;
27292822;3897692274;299611362;
27292822;299611362;3897692272;
27292822;3897692272;299611292;
27292822;299611292;1842003094;
27292822;1842003094;299610698;
34614186;25632466;25632427;
34627575;137982073;1419645378;
34627575;1419645378;137982795;
34628269;343634629;343634630;
34628269;343634630;343634631;
34628269;343634631;1548515353;
34628269;1548515353;343634635;
34628269;343634635;412249452;
34628269;412249452;406359726;
34628269;406359726;299575942;
27293091;299612344;299612343;
27293091;299612343;299612465;
27293091;299612465;299612466;
27293091;299612466;299612349;
27293091;299612349;299612350;
14333207;138210915;2455291504;
14333207;2455291504;1216789877;
14333207;1216789877;126604789;
34653072;129550137;1788787124;
34653072;1788787124;501252472;
34653072;501252472;280197437;
34653072;280197437;1788787593;
34653072;1788787593;137992808;
34731974;299614252;404759959;
34731974;404759959;404754608;
34731974;404754608;404756870;
34731974;404756870;404756386;
34732006;404754608;404754609;
34732006;404754609;416385391;
34732006;416385391;404754613;
34732006;404754613;404754615;
34732363;404754615;404785592;
27293293;299614241;299614426;
27293293;299614426;411616468;
27293293;411616468;299614331;
27293293;299614331;3569459093;
27293293;3569459093;299614329;
27293293;299614329;404770462;
34772223;129548933;129548932;
34851065;408438888;408438889;
34851065;408438889;1541417306;
34851065;1541417306;1541417284;
34851065;1541417284;1165604050;
34851065;1165604050;408438890;
13716129;2363578534;3897692240;
13716129;3897692240;3897692238;
13716129;3897692238;126617433;
34935294;404754615;2025523125;
34935294;2025523125;404754617;
35078246;411502734;411502735;
35078246;411502735;411502737;
35078246;411502737;411502740;
35078246;411502740;411502730;
35084624;299614420;253283034;
27292990;299611755;299611722;
27292887;411842524;299610928;
27292887;299610928;299575943;
27292882;122452414;299611722;
27292882;299611722;411842524;
27292882;411842524;1548540059;
27292882;1548540059;773982493;
27292882;773982493;1387283703;
27292882;1387283703;3897692280;
30912866;416355034;343646678;
30912866;343646678;343646669;
30912866;343646669;343646668;
34935295;404754617;411841932;
34935295;411841932;402004623;
34935295;402004623;404756386;
34935295;404756386;126643110;
34935295;126643110;126617356;
34935295;126617356;2269673177;
34935295;2269673177;2165544769;
34935295;2165544769;138194386;
34935295;138194386;513920937;
34935295;513920937;138252374;
8367154;25632449;25632448;
8367154;25632448;25632447;
35111889;411909880;25632449;
30912883;128560448;3443071665;
30912883;3443071665;3443071666;
30912883;3443071666;343646709;
30912883;343646709;343646728;
30912883;343646728;435468997;
30912883;435468997;316511863;
30912861;343646649;343646655;
30912861;343646655;343646665;
30912861;343646665;343634646;
8367092;25632373;1788787081;
8367092;1788787081;3148938210;
8367092;3148938210;353286182;
8367092;353286182;2397188711;
8367092;2397188711;1788787223;
8367092;1788787223;129549145;
8367092;129549145;129953505;
8367092;129953505;129953504;
8367092;129953504;455341194;
8367092;455341194;1417675671;
34988345;129549521;1788787115;
34988345;1788787115;25632373;
34607575;1788787056;2250812489;
34607575;2250812489;1788787061;
30912869;3897692260;3897692261;
30912869;3897692261;413564238;
30912869;413564238;343646675;
30912869;343646675;343646678;
34732332;404770462;404776207;
34732332;404776207;414128969;
34732332;414128969;126617356;
14332819;138194386;2165544743;
14332819;2165544743;418018207;
35383635;297369446;3950967640;
35383635;3950967640;534476357;
35383635;534476357;1103427051;
35383635;1103427051;1788786450;
35383635;1788786450;138249077;
35330759;414905254;414905280;
35447220;414913212;128655671;
35447220;128655671;126638962;
35474004;435477342;1165603979;
35474004;1165603979;435477350;
35540218;404754613;416385402;
35540218;416385402;416385391;
35734338;418018207;299614580;
35734338;299614580;299614365;
35734338;299614365;138194473;
35744643;299614252;1788788006;
35744643;1788788006;418091555;
35770755;299611055;418198684;
36579873;129548932;129548931;
36579873;129548931;2585545688;
41097166;501225739;501225743;
41097166;501225743;501225746;
41097166;501225746;501225749;
41097166;501225749;501225754;
41097166;501225754;129552512;
41097168;501225800;501225803;
41097168;501225803;501225807;
41097168;501225807;501225811;
41097165;501225708;501225713;
41097165;501225713;501225717;
41097165;501225717;501225720;
41097165;501225720;501225723;
41097165;501225723;129552512;
41097758;501252622;501252606;
41097758;501252606;501252476;
41097755;501252596;501252601;
41097755;501252601;501252606;
41097754;501252536;501252542;
41097754;501252542;501252546;
41097754;501252546;501252551;
41097754;501252551;501252596;
41097754;501252596;501252500;
36747396;427277906;427277908;
36747397;427277908;427277909;
36747397;427277909;138249077;
36836258;428217533;428217535;
36836258;428217535;1216789880;
36836258;1216789880;428217536;
36836258;428217536;428217537;
36836258;428217537;428217538;
36836258;428217538;428217539;
36836258;428217539;1216789889;
36836258;1216789889;428217540;
37856707;444023177;1548540061;
38336633;137992808;137994720;
38336633;137994720;137992807;
38336644;25632373;1788787039;
38336644;1788787039;1788787030;
42743774;534476377;534476381;
42743774;534476381;3542361997;
42743774;3542361997;534476382;
42743774;534476382;2053588077;
42743774;2053588077;534476383;
42743774;534476383;2053588290;
42743774;2053588290;534476384;
42743774;534476384;534476385;
42743774;534476385;534476352;
42743774;534476352;534476387;
42743767;534476350;534476351;
42743767;534476351;534476352;
42743768;2053584360;534476351;
8367073;25632227;1684865551;
8367073;1684865551;25632361;
34683151;25632361;1684865555;
34683151;1684865555;25632364;
34683151;25632364;1419645373;
34683151;1419645373;137982073;
51228956;474385797;474385798;
51228956;474385798;474385800;
51228956;474385800;474385801;
51228956;474385801;474385803;
51228956;474385803;138209120;
8367070;25632292;2884840234;
8367070;2884840234;2692624395;
8367070;2692624395;974882842;
8367070;974882842;974882854;
8367070;974882854;25632278;
60461087;129552046;137994655;
60461087;137994655;129552048;
62087617;299574281;1541417335;
62087617;1541417335;299575942;
62087617;299575942;773982486;
62087617;773982486;299610705;
62087617;299610705;3897692280;
62087617;3897692280;2295955853;
62087617;2295955853;299610700;
62087617;299610700;299575943;
140758917;1541417335;1541417332;
140758918;1541417332;1541417331;
140758918;1541417331;1541417314;
140758918;1541417314;1541417319;
140758918;1541417319;1541417332;
30912862;343646655;343646660;
30912862;343646660;2363578561;
30912862;2363578561;343646659;
178413104;1887601114;1887601133;
178413106;474682657;474683172;
39549792;137993129;473873457;
39549792;473873457;1887601111;
39549792;1887601111;473873458;
39549792;473873458;1887601117;
39549792;1887601117;473873459;
39549792;473873459;1887601140;
39549792;1887601140;473873460;
39549792;473873460;473873461;
39549792;473873461;473873462;
39549792;473873462;473873463;
39549792;473873463;473873464;
39549792;473873464;473873465;
35203542;129550139;129550137;
141475044;1548540059;1548540057;
141475044;1548540057;1548540054;
141475044;1548540054;1548540056;
141475044;1548540056;1548540055;
30911284;343646666;415788575;
30911284;415788575;343634648;
30911284;343634648;1548540063;
30911284;1548540063;343634647;
30911284;343634647;343634646;
104915569;1209790968;1209790956;
104915569;1209790956;1209790934;
104915569;1209790934;1209790954;
104915569;1209790954;1209790951;
104915569;1209790951;1209790950;
104915569;1209790950;1209790958;
104915569;1209790958;343646649;
38336635;1110698255;1110698259;
38336635;1110698259;1110698292;
39549247;473859815;2455291502;
39549247;2455291502;138208397;
59525260;129953505;335561064;
59525260;335561064;3897692092;
59525260;3897692092;137982795;
59525260;137982795;25632283;
59525260;25632283;3446686441;
59525260;3446686441;1684865554;
59525260;1684865554;3446686443;
59525260;3446686443;25632278;
59525260;25632278;25632279;
59525260;25632279;25632225;
39588456;474541501;474553709;
39588456;474553709;3140385691;
39608833;474798130;474793814;
41738248;513921201;1105966147;
41738248;1105966147;513921226;
41738248;513921226;513921227;
14329086;25632463;138197779;
14329086;138197779;513921171;
14329086;513921171;513920936;
14329086;513920936;126617354;
14329086;126617354;402007436;
14329086;402007436;411842220;
14329086;411842220;122452414;
14332849;138195760;3570147020;
14332849;3570147020;253283047;
14332849;253283047;138195667;
39549961;473874237;473878705;
39549961;473878705;473878708;
39650114;475326116;1107381207;
39650114;1107381207;475328014;
39650114;475328014;475329138;
39650114;475329138;3117018924;
39650114;3117018924;474695395;
41097169;501225807;1107381202;
41097169;1107381202;1788787195;
41097167;501225766;1107381202;
41097167;1107381202;501225783;
41097167;501225783;501225787;
27293318;299614331;299614401;
27293318;299614401;1108076389;
27293318;1108076389;299614398;
27293318;299614398;2025540187;
38336639;452682304;1110698254;
38336639;1110698254;1110698245;
38336639;1110698245;452682256;
95843586;1110698255;452682282;
38336638;452682300;2912181005;
38336638;2912181005;1110698285;
38336638;1110698285;2912182796;
38336638;2912182796;1110698265;
8367098;25620570;2914696272;
8367098;2914696272;3130312342;
8367098;3130312342;25632376;
13836474;1209790928;501252447;
13836474;501252447;501252453;
13836474;501252453;501252460;
13836474;501252460;501252465;
13836474;501252465;501252472;
13836474;501252472;1110691349;
13836474;1110691349;501252476;
13836474;501252476;501252495;
13836474;501252495;501252500;
13836474;501252500;129552044;
13836474;129552044;501225800;
13836474;501225800;501225766;
13836474;501225766;1887601114;
13836474;1887601114;129552512;
38336641;129552046;129552045;
38336641;129552045;2202026261;
38336641;2202026261;501252536;
38336641;501252536;129552044;
38336641;129552044;129550139;
38336641;129550139;129550745;
38336641;129550745;129550744;
38336641;129550744;501225708;
38336641;501225708;129550851;
8367068;25632293;1110698289;
8367068;1110698289;1110698281;
8367068;1110698281;1110698269;
8367068;1110698269;25620653;
38336628;2242805402;3130311628;
38336628;3130311628;25632419;
38336628;25632419;2904549004;
38336628;2904549004;2904498647;
38336628;2904498647;129545993;
38336628;129545993;129545994;
38336628;129545994;2242804359;
38336628;2242804359;452682265;
38336628;452682265;1676280588;
38336628;1676280588;2912153175;
38336628;2912153175;1110698263;
38336628;1110698263;2912153177;
38336628;2912153177;452682249;
38336634;25632446;3092699110;
38336634;3092699110;1110698256;
38336634;1110698256;1887601134;
38336634;1887601134;25632454;
38336634;25632454;129550851;
38336634;129550851;1110698243;
39549989;473880558;473882089;
39598605;474789325;474694632;
39598605;474694632;1107381193;
39598605;1107381193;474695395;
39598605;474695395;474694626;
105637466;343646831;3157212422;
105637466;3157212422;475080479;
105637466;475080479;1143316554;
105637466;1143316554;475082796;
39598760;1216466491;1107381212;
39598760;1107381212;1107381193;
39598760;1107381193;1107381206;
39598760;1107381206;474691694;
39548910;473859811;1216466345;
39548910;1216466345;473859812;
39548910;473859812;473859813;
39548910;473859813;473859815;
39598589;474546948;1107381206;
39598589;1107381206;474694139;
39598589;474694139;1105911801;
39598863;474787665;474818247;
39598863;474818247;474818248;
39598863;474818248;474818250;
39598863;474818250;474818251;
39598863;474818251;474701460;
39598863;474701460;1107381200;
39598863;1107381200;1216466349;
39598863;1216466349;474701469;
39598863;474701469;474701471;
39598863;474701471;474701473;
39598863;474701473;474701479;
39598863;474701479;474701480;
39598880;474701469;474701871;
39598880;474701871;474701862;
39598880;474701862;474701860;
39598880;474701860;1216466414;
39598629;474695389;3117018924;
39598629;3117018924;474695400;
39598629;474695400;1107381212;
39598629;1107381212;1216466401;
39598629;1216466401;474695427;
13714675;126600950;3117707239;
13714675;3117707239;126600953;
13714675;126600953;126600955;
13714675;126600955;126600958;
13714675;126600958;1216466378;
13714675;1216466378;126600959;
13714675;126600959;474385797;
13714675;474385797;474549060;
13714675;474549060;126617427;
39549900;128560275;473874237;
39549900;473874237;473877733;
39549900;473877733;473874239;
39549900;473874239;473874242;
39549900;473874242;2397460873;
39549900;2397460873;2397460874;
39587067;474549060;474549070;
39587067;474549070;474549073;
39587067;474549073;474549075;
39587067;474549075;474549077;
39587067;474549077;474549081;
39587067;474549081;474549084;
13797599;128560448;349907807;
13797599;349907807;128560449;
13797599;128560449;122452427;
13797599;122452427;126617428;
13797599;126617428;137993249;
13797599;137993249;1216789894;
13797599;1216789894;1216789883;
13797599;1216789883;473879871;
13797599;473879871;3897692212;
13797599;3897692212;128560274;
30912960;1216789894;1216789896;
30912960;1216789896;1216789885;
30912960;1216789885;1293997462;
41738246;513921171;513921184;
41738246;513921184;513921193;
41738246;513921193;513921201;
41738246;513921201;513921229;
41738246;513921229;513921213;
35111843;25632450;25632447;
8367153;25632450;25632451;
8367153;25632451;25632452;
8367153;25632452;25632453;
8367153;25632453;25632454;
98835866;1143318771;513925584;
98835866;513925584;513925588;
98835866;513925588;513925568;
39587490;474552495;474552497;
39587490;474552497;474552500;
39587490;474552500;474552505;
39587490;474552505;474552506;
39587490;474552506;474552508;
39587490;474552508;3140385690;
39587490;3140385690;3652922413;
39587490;3652922413;474549084;
39549246;474729164;1111353960;
39549246;1111353960;473869781;
39549246;473869781;138208397;
34772371;129548930;349907649;
34772371;349907649;129548929;
34772371;129548929;473873465;
34772371;473873465;129548927;
34772371;129548927;1209790928;
34772371;1209790928;25632375;
34772371;25632375;452682304;
34772371;452682304;452682268;
34772371;452682268;452682289;
34772371;452682289;452682297;
39633790;475080479;1110673577;
39633790;1110673577;475081804;
39633790;475081804;475080487;
39633790;475080487;475080491;
39633790;475080491;474682657;
39598232;474690461;3103789775;
39598232;3103789775;474690456;
39598232;474690456;474690455;
39598232;474690455;2585539003;
39598232;2585539003;2585539002;
39598232;2585539002;1216466336;
39598232;1216466336;343646831;
39597607;474677888;474676251;
39597607;474676251;474676250;
39597607;474676250;474676249;
39597607;474676249;474676248;
39597607;474676248;474676247;
39597607;474676247;474676246;
39597607;474676246;474676245;
39597607;474676245;3147163296;
39597607;3147163296;474676244;
39597607;474676244;474676243;
39597607;474676243;474676242;
39597607;474676242;474676241;
39597607;474676241;474676238;
41738425;1143317532;1143318771;
39598055;474681726;474685694;
39598055;474685694;474685697;
39598055;474685697;474685700;
39598055;474685700;474685704;
39598055;474685704;474685708;
39598055;474685708;474546985;
39590128;474546987;474556624;
39590128;474556624;474551122;
39587108;474549084;474551135;
39587108;474551135;474551122;
39587108;474551122;474546975;
39587009;474541529;474546968;
39587009;474546968;474546970;
39587009;474546970;474543238;
39587009;474543238;474546975;
39597960;474683172;3149497579;
39597960;3149497579;474683167;
39590262;343646851;3162256074;
39590262;3162256074;474559375;
39632852;475050311;475064049;
39632852;475064049;475064050;
39632852;475064050;475064052;
39632852;475064052;475064054;
39632852;475064054;137982073;
41738588;299614580;513931864;
41738588;513931864;1309301158;
14329124;128560275;1422610110;
14329124;1422610110;129549521;
60461092;126617433;129552048;
30912867;343634646;444023177;
30912867;444023177;343646671;
30912867;343646671;1165604049;
30912867;1165604049;343646668;
100862790;1165603979;1165604021;
100862790;1165604021;1165604140;
100862790;1165604140;435477350;
100862811;1165604140;1165604041;
100862811;1165604041;1165604053;
100862813;1165604111;1165604021;
144613806;513921223;1105966147;
144613806;1105966147;513921213;
41097170;501225889;501225920;
41097170;501225920;501225739;
41097170;501225739;1110690935;
41097170;1110690935;25632450;
27292961;299612189;2025523127;
27292961;2025523127;417011929;
27292961;417011929;299611381;
27292961;299611381;299611382;
27292961;299611382;299611383;
27292961;299611383;299611384;
27292961;299611384;299611385;
27292961;299611385;299611386;
27292961;299611386;299611387;
30912863;343646660;2363578584;
30912863;2363578584;343646661;
30912863;343646661;343646662;
27292960;299611634;299611379;
27292960;299611379;299611395;
27292960;299611395;299611377;
27292960;299611377;299611394;
27292960;299611394;299611375;
27292960;299611375;299611403;
27292960;299611403;2363578580;
27292960;2363578580;2363578582;
27292960;2363578582;2363578583;
27292960;2363578583;299611392;
13715388;126617351;126617352;
13715388;126617352;126617354;
13715388;126617354;513920996;
13715388;513920996;126617356;
13265074;122452412;122452414;
13265074;122452414;122452417;
13265074;122452417;126634476;
13263613;122452407;3092747263;
13263613;3092747263;122452409;
13263613;122452409;299612405;
13263613;299612405;122452412;
34592005;126617356;1788787958;
34592005;1788787958;404770462;
34592005;404770462;299614252;
34592005;299614252;138195667;
34592005;138195667;138196594;
34592005;138196594;3092747271;
34592005;3092747271;122452407;
13715562;126617428;3897692254;
13715562;3897692254;126617430;
13715562;126617430;3897692246;
13715562;3897692246;473890928;
13715562;473890928;3897692245;
13715562;3897692245;126617431;
13715562;126617431;3897692239;
13715562;3897692239;126617433;
13715562;126617433;2363578528;
13715562;2363578528;2363578524;
13715562;2363578524;126617351;
219536349;2086430192;2086430191;
219536349;2086430191;2086430190;
219536349;2086430190;2086430193;
219536349;2086430193;2086430192;
219536350;2086430194;452682258;
219536350;452682258;452682261;
219536350;452682261;129550137;
219536494;137992807;3896082253;
219536494;3896082253;473240009;
219536494;473240009;126617431;
219536494;126617431;1165603985;
219536494;1165603985;1165604004;
219536494;1165604004;1165604071;
219536494;1165604071;122452424;
219536494;122452424;3896082255;
219536494;3896082255;3896082258;
219536494;3896082258;1165604038;
219536494;1165604038;1165604020;
219536498;1165604020;138205502;
219536498;138205502;425725651;
27292818;1290701032;299610766;
27292818;299610766;299610718;
27292818;299610718;299610763;
27292818;299610763;1290733867;
27292818;1290733867;408438890;
27292818;408438890;3897692278;
27292818;3897692278;3897692279;
27292818;3897692279;418198684;
27292818;418198684;1165604056;
27292818;1165604056;299610705;
116015041;1309301163;513931858;
116015041;513931858;513931859;
116015041;513931859;513931860;
116015041;513931860;1309301162;
116015041;1309301162;1309301160;
116015041;1309301160;1143318149;
116015041;1143318149;1309301159;
116015041;1309301159;1309301161;
116015041;1309301161;1309301158;
124718133;1165604056;1387283703;
128133836;129953504;475360049;
128133836;475360049;475360047;
128133836;475360047;475360045;
128133836;475360045;475360043;
128133836;475360043;475360041;
128133836;475360041;475360039;
128133836;475360039;1416641674;
128133836;1416641674;475049092;
128246658;475064052;1417693657;
128246658;1417693657;1417693658;
128246660;1417693658;335561055;
128246660;335561055;129953504;
128246659;137982073;3897692116;
128246659;3897692116;1417693658;
128463453;1419645373;1419645372;
128463453;1419645372;1419645375;
128463453;1419645375;1422567181;
128463453;1422567181;1419645378;
128828529;1422610108;1422610110;
128828530;475394871;1422610104;
128828530;1422610104;1422610102;
128828530;1422610102;475392099;
128828530;475392099;129549662;
128828725;2939568414;2939568423;
128828725;2939568423;2939568411;
128828725;2939568411;2939566888;
128828725;2939566888;2939568422;
128828725;2939568422;2939568421;
128828725;2939568421;2939568408;
128828725;2939568408;2939568407;
128828725;2939568407;2939568418;
128828725;2939568418;2939566892;
128828725;2939566892;2939566889;
128828725;2939566889;2939566885;
128828725;2939566885;2939566891;
128828725;2939566891;1422611542;
220104372;299612407;299612408;
220104372;299612408;299612412;
220104373;299612349;299612407;
27293098;299612405;417011929;
27293098;417011929;299612349;
220233692;1110698243;452682282;
220233689;452682286;452682274;
220233689;452682274;452682277;
220233689;452682277;452682253;
220233689;452682253;452682256;
220233689;452682256;2086430194;
39601146;474728387;474698115;
39601146;474698115;474728395;
39601146;474728395;474701480;
39601146;474701480;474728396;
39601146;474728396;474728397;
39601146;474728397;474728398;
39601146;474728398;475326116;
39601146;475326116;122452434;
39601146;122452434;126600959;
39601146;126600959;475044410;
39601146;475044410;138208872;
39601146;138208872;474552495;
39601146;474552495;474541483;
39601146;474541483;473859811;
14334429;25632427;25632522;
14334429;25632522;513925553;
14334429;513925553;138252202;
95843585;452682270;2912153172;
95843585;2912153172;452682300;
95843585;452682300;452682286;
27293302;299614518;299614527;
27293302;299614527;513931856;
27293302;513931856;299614515;
27293302;299614515;299614524;
27293302;299614524;299614513;
27293302;299614513;1309301163;
27293302;1309301163;299614300;
27293302;299614300;513921037;
27293302;513921037;299614301;
27293302;299614301;418018207;
27293302;418018207;2165544754;
27293302;2165544754;299614329;
35105603;411842524;299610936;
35105603;299610936;299610930;
35105603;299610930;299611684;
35105603;299611684;299610949;
39598458;474691703;474690461;
39598458;474690461;474691694;
39598458;474691694;474691686;
167487399;1788786281;3392711361;
167487399;3392711361;3392711362;
167487399;3392711362;1788786305;
167487346;1788787061;1788787052;
167487346;1788787052;1788787030;
167487357;452682249;2912153173;
167487357;2912153173;2896727653;
167487357;2896727653;25632376;
167487379;475352082;129549145;
167487390;1788786297;1788786308;
167487394;1788786297;1788786187;
167487388;974882854;2884965107;
167487388;2884965107;1788786281;
167487388;1788786281;1788786107;
167487388;1788786107;1788786094;
167487388;1788786094;1788786086;
167487388;1788786086;1788786097;
167487388;1788786097;1788786128;
167487388;1788786128;1788786143;
167487388;1788786143;1788786155;
167487388;1788786155;2884825975;
167487388;2884825975;1788786305;
167487388;1788786305;2884965105;
167487388;2884965105;974882842;
167487451;1788787262;1788787319;
167487468;1788786062;1788786080;
167487380;1788787223;1788787242;
167487380;1788787242;475352082;
167487490;474677919;1788787340;
167487490;1788787340;1788787287;
167487492;1788787115;1788787104;
167487492;1788787104;1788787081;
167487536;1788786097;1788786062;
167487536;1788786062;1788786020;
167487536;1788786020;1788786041;
167487536;1788786041;1788786080;
167487536;1788786080;1788786109;
167487536;1788786109;1788786155;
167487535;1788787287;1788787262;
167487535;1788787262;1788787260;
167487535;1788787260;1788787299;
167487535;1788787299;1788787319;
167487535;1788787319;1788787340;
14328519;137970173;1788786308;
14328519;1788786308;2053579183;
14328519;2053579183;2053579208;
14328519;2053579208;3563723606;
14328519;3563723606;2065228635;
14328519;2065228635;25632467;
14328519;25632467;138249077;
14328519;138249077;138194473;
14328519;138194473;414905254;
39586944;474541529;474544834;
39586944;474544834;3103762794;
39586944;3103762794;474544829;
39586944;474544829;474544824;
39586944;474544824;3396198845;
39586944;3396198845;474544821;
39586944;474544821;474544818;
39586944;474544818;474544816;
39586944;474544816;475073406;
39586944;475073406;3147589758;
39586944;3147589758;475073403;
39586944;475073403;475352608;
41738238;138252202;513925578;
41738238;513925578;138252374;
39633008;455341194;475066897;
39633008;475066897;475064049;
41738732;513936347;513936352;
8367164;25632521;1143318771;
8367164;1143318771;25632522;
8367164;25632522;1043000774;
8367164;1043000774;1043000761;
8367164;1043000761;1043000754;
128463454;1419645372;1419645369;
128463454;1419645369;1419645367;
128463454;1419645367;1419645371;
128463454;1419645371;1419645374;
128463454;1419645374;1419645377;
39586894;474541529;474541524;
39586894;474541524;474541522;
39586894;474541522;474541520;
39586894;474541520;474541515;
39586894;474541515;474541511;
39586894;474541511;474541506;
39586894;474541506;474541505;
39586894;474541505;474541503;
39586894;474541503;474541502;
39586894;474541502;474541501;
39586894;474541501;474541500;
39586894;474541500;474541498;
39586894;474541498;474541486;
39586894;474541486;474541483;
39550749;473890928;137993129;
39653923;474677911;1788787713;
39653923;1788787713;475354599;
39653923;475354599;2397188723;
39653923;2397188723;475354371;
39653923;475354371;475354682;
39653923;475354682;475354369;
39653923;475354369;475353910;
95843587;25632293;1110698247;
95843587;1110698247;1110698297;
95843587;1110698297;2250812504;
95843587;2250812504;1110698276;
95843587;1110698276;1110698268;
95843587;1110698268;1110698273;
171944850;1422611558;1422611556;
171944850;1422611556;1829027322;
171944850;1829027322;1829027321;
171944850;1829027321;1829027320;
171944850;1829027320;1829027319;
171944850;1829027319;1209790928;
39658073;475396372;475396373;
39658073;475396373;475396375;
39658073;475396375;1422611559;
39658073;1422611559;1422611558;
174689855;452682282;1110698283;
174689855;1110698283;1110698277;
174689855;1110698277;1110698265;
174689856;1110698267;3694908966;
174689856;3694908966;25632445;
174689856;25632445;25632414;
41738590;513931874;3387597863;
41738590;3387597863;513931878;
41738590;513931878;3387597862;
41738590;3387597862;513931881;
41738590;513931881;513936347;
41738590;513936347;513931856;
116015038;1309301158;513931865;
116015038;513931865;513931867;
116015038;513931867;513931862;
116015038;513931862;513931869;
116015038;513931869;513931870;
116015038;513931870;513931872;
116015038;513931872;513931873;
116015038;513931873;513931874;
35379621;414905280;414905322;
35379621;414905322;414905326;
35379621;414905326;414905331;
35379621;414905331;414905295;
27293315;299614365;1108076389;
27293315;1108076389;299614426;
128825641;25632366;25632292;
128825641;25632292;1110698257;
128825641;1110698257;25632293;
194848890;2053571360;2053571361;
194848890;2053571361;2202026230;
194848890;2202026230;2053571357;
194848890;2053571357;2053571362;
14328502;137967154;2053569805;
14328502;2053569805;1788786187;
14328502;1788786187;137970173;
194848512;2053572445;2053572447;
194848512;2053572447;2053571362;
194848544;2053573067;2053573065;
194848544;2053573065;2053573066;
194848544;2053573066;2053573068;
194848524;2053572822;2053572825;
194848547;2053572447;2053572825;
194848547;2053572825;2053572824;
194848547;2053572824;2053573066;
194848872;2053571362;2053572823;
194848872;2053572823;2053571363;
194848872;2053571363;2053573068;
194848872;2053573068;2053571359;
194848872;2053571359;2053571358;
194848872;2053571358;2053571406;
194849078;2053579184;2053578411;
194849078;2053578411;2053578105;
194849518;2053585642;2053585644;
194849518;2053585644;2053585638;
194849518;2053585638;2053585640;
42743772;2053578106;2053578105;
42743772;2053578105;534476366;
42743772;534476366;1103427051;
42743772;1103427051;534476350;
42743772;534476350;534476367;
42743772;534476367;534476362;
42743772;534476362;534476369;
42743772;534476369;534476370;
42743772;534476370;534476371;
42743772;534476371;534476372;
42743772;534476372;414120979;
194849406;2053583469;2053584362;
194849406;2053584362;427277908;
194849475;2053584362;2053584361;
194849475;2053584361;2053585640;
194849475;2053585640;2053584360;
252518836;25632361;25632279;
252524483;474697409;1216466401;
252524487;1216466491;474697406;
252524487;474697406;474697407;
252524487;474697407;474697409;
39598745;474698115;474698118;
39598745;474698118;474697409;
39598714;474697403;474697404;
39598714;474697404;1107381207;
39598714;1107381207;474697405;
39598714;474697405;1216466491;
252525258;2585545679;129548932;
252525258;129548932;425725651;
252525261;2585545684;474794856;
252525261;474794856;474794857;
252525261;474794857;474794860;
252525261;474794860;349907807;
252525262;2585545688;122452425;
39608490;474794846;474794847;
39608490;474794847;474802727;
39608490;474802727;474794849;
39608490;474794849;474794851;
39608490;474794851;474794853;
39608490;474794853;474794854;
39608490;474794854;2585545684;
36561816;349907807;2585545679;
39609163;122452429;474802735;
39609163;474802735;474802739;
39609163;474802739;474802740;
39609163;474802740;2585545686;
39609163;2585545686;1216466398;
39609163;1216466398;474802741;
39609163;474802741;474802745;
39609163;474802745;474802746;
39609163;474802746;474802747;
39609163;474802747;474802727;
252526132;122452425;122452427;
252526132;122452427;474559375;
252526132;474559375;122452429;
252526132;122452429;343646831;
252526132;343646831;3163927496;
252526132;3163927496;474691686;
252526132;474691686;474546948;
252526132;474546948;474694626;
252526132;474694626;474695389;
252526132;474695389;475329142;
252526132;475329142;475328017;
252526132;475328017;474697403;
252526132;474697403;122452434;
252526132;122452434;343646818;
252526132;343646818;3912647844;
252526132;3912647844;343646810;
252526132;343646810;122452435;
252526132;122452435;474810940;
252526132;474810940;343646768;
252526132;343646768;122439068;
252526950;25632449;25632425;
252526950;25632425;2829209600;
252526950;2829209600;25632413;
252526950;25632413;25632411;
252526954;25632447;25632446;
34597437;353287405;3148917487;
34597437;3148917487;501225889;
34597437;501225889;137996370;
34597437;137996370;25632447;
252527740;25632423;25632426;
252527740;25632426;411909880;
252527740;411909880;4077112087;
252527740;4077112087;25632463;
252543837;299575943;416355034;
252543837;416355034;299611716;
252543837;299611716;299611755;
252543837;299611755;299575944;
252543837;299575944;299611700;
198514517;2086430194;2086430189;
198514517;2086430189;2086430192;
8367118;25632463;4077112088;
8367118;4077112088;25632449;
100862801;1165604103;3896082259;
100862801;3896082259;1165604020;
100862814;137992807;3896082252;
100862814;3896082252;1165604124;
100862815;1165604124;1165603961;
100862815;1165603961;1165604086;
100862815;1165604086;1165604103;
227716476;2363578574;2363578583;
30912865;343646661;2363578585;
30912865;2363578585;343646665;
27292888;299611055;299610932;
27292888;299610932;1548540055;
27292888;1548540055;299611392;
27292888;299611392;299610949;
27292888;299610949;418717034;
27292888;418717034;299612350;
27292888;299612350;411502730;
27292888;411502730;2025523130;
27292888;2025523130;299612189;
27292888;299612189;122452412;
13716160;126617351;2363578530;
13716160;2363578530;2196549040;
227716466;2363578534;2363578531;
227716466;2363578531;2363578528;
227716469;2363578524;2363578526;
227716469;2363578526;2363578530;
204786523;2053572824;2053572823;
206100515;2161007712;2161007722;
206100515;2161007722;2161007726;
206100515;2161007726;2161007724;
206100515;2161007724;2161007716;
206100515;2161007716;2161007731;
206100515;2161007731;2161007717;
206100515;2161007717;2161007727;
206100515;2161007727;2161007730;
206100515;2161007730;2161007720;
206100515;2161007720;2161007729;
206544631;2165604353;2165604357;
206544631;2165604357;3147563235;
206544631;3147563235;3103787337;
206544631;3103787337;2165604359;
228569801;129548930;3897692232;
228569801;3897692232;349907698;
228569801;349907698;137994583;
178413108;1110698267;25632446;
207724051;25632416;3694660030;
207724051;3694660030;475405136;
207724051;475405136;25632399;
207724065;25632414;3694747849;
207724065;3694747849;2204100015;
208580373;25632416;2939688589;
208580373;2939688589;2912188495;
39597832;474677888;474681706;
39597832;474681706;3103770912;
39597832;3103770912;474681707;
39597832;474681707;474681709;
39597832;474681709;474681711;
39597832;474681711;474681715;
39597832;474681715;474681718;
39597832;474681718;474681720;
39597832;474681720;474681722;
39597832;474681722;474681724;
39597832;474681724;3103762792;
39597832;3103762792;474681726;
39597832;474681726;474681732;
39597832;474681732;3149449339;
39597832;3149449339;474681734;
39597832;474681734;3121467180;
39597832;3121467180;474681737;
39597832;474681737;3149497574;
39597832;3149497574;474681738;
39597832;474681738;474682647;
39597832;474682647;474683172;
30417990;1111353957;428217533;
30417990;428217533;138208399;
30417990;138208399;138208401;
30417990;138208401;3153341344;
30417990;3153341344;129953505;
209436197;2196549040;2363578555;
209436197;2363578555;3897692251;
209436197;3897692251;3569468993;
209436197;3569468993;126634476;
209440505;126634476;299611700;
210328137;2204100015;2940944687;
210669783;452682297;2912153176;
210669783;2912153176;452682270;
210669782;1110698260;452682279;
210669782;452682279;1110698255;
210670988;475394859;137994583;
210670990;128560274;128560275;
210670986;129549662;475394859;
210670987;129550137;25632375;
210670987;25632375;25632374;
210673564;299611700;122452420;
210841125;2204100015;2940931372;
210841125;2940931372;25632416;
211339128;122452420;3897692260;
211339128;3897692260;343646659;
211339128;343646659;122452424;
211339128;122452424;122452425;
8367069;137982795;25632284;
8367069;25632284;2749809980;
8367069;2749809980;25632285;
211339129;2213493593;2250812526;
211339129;2250812526;2250812461;
211339129;2250812461;2250812531;
211339129;2250812531;1788787056;
211342284;1788787061;1788787075;
211342284;1788787075;25632373;
211342286;1788787056;25632374;
211342283;1788787030;2250812484;
211342283;2250812484;2250812465;
211342283;2250812465;2250812512;
211342283;2250812512;25632285;
211342283;25632285;1110698264;
211342283;1110698264;25632293;
212708373;343646649;138205498;
212708374;425725651;138205500;
212708374;138205500;343646649;
212710692;474793789;128560448;
212710690;343634646;343646672;
212710690;343646672;343646662;
212710690;343646662;343646675;
212710690;343646675;299575944;
215611423;129549145;2250873416;
215611423;2250873416;2250873409;
215611423;2250873409;2250873413;
215611423;2250873413;2250873401;
215611423;2250873401;25632284;
231325193;2397188723;2397188706;
231325193;2397188706;2397188707;
231325193;2397188707;2397188727;
231325193;2397188727;2397188717;
231325191;475354599;2397188726;
231325191;2397188726;2397188718;
231325191;2397188718;2397188719;
231325191;2397188719;2397188734;
231325191;2397188734;2397188715;
220233691;452682286;452682289;
220233691;452682289;452682292;
220233691;452682292;1110698292;
38336636;1110698243;1110698272;
38336636;1110698272;452682285;
38336636;452682285;452682286;
38336637;1110698260;1110698280;
38336637;1110698280;2896394657;
38336637;2896394657;452682295;
38336637;452682295;452682297;
211339130;1110698292;1110698250;
211339130;1110698250;1110698278;
211339130;1110698278;1110698299;
239593895;475410511;3392939455;
239593895;3392939455;2352603829;
239593895;2352603829;2367470972;
239593895;2367470972;2204099938;
239593895;2204099938;3696119701;
239593895;3696119701;25632398;
239593895;25632398;3690631035;
239593895;3690631035;2204100015;
34607518;25620653;25620570;
34607518;25620570;1106006327;
34607518;1106006327;2893389981;
34607518;2893389981;25620759;
34607518;25620759;2246086928;
34607518;2246086928;2246054719;
34607518;2246054719;25620737;
34607518;25620737;25620947;
34607518;25620947;3388020773;
34607518;3388020773;3388020769;
34607518;3388020769;25620960;
269856842;2749809974;2749809975;
269856842;2749809975;2749809976;
269856842;2749809976;2749809977;
269856842;2749809977;2749809978;
269856842;2749809978;2749809981;
269856842;2749809981;2749809979;
269856842;2749809979;2749809980;
100862796;435477350;129548933;
100862795;435477343;435477344;
100862795;435477344;129548933;
278570711;2829209600;2829209701;
284775782;2884825976;2884825983;
284775782;2884825983;2884825978;
284775782;2884825978;2884825989;
284775782;2884825989;2884825971;
284775782;2884825971;2884825979;
284775782;2884825979;2884825987;
284775782;2884825987;2884825970;
284775782;2884825970;2884825964;
284775782;2884825964;3392711359;
284775782;3392711359;2884825975;
284777297;2884840235;2884840234;
286005192;2896394650;3392711363;
286005192;3392711363;2896394657;
210673563;1110698265;1110698271;
210673563;1110698271;2939568414;
210673563;2939568414;452682212;
210673563;452682212;3392939999;
210673563;3392939999;3092699113;
210673563;3092699113;2940944907;
210673563;2940944907;1110698261;
210673563;1110698261;1110698267;
38336627;452682212;2941001650;
38336627;2941001650;452682218;
38336627;452682218;452682221;
38336627;452682221;2941001644;
38336627;2941001644;452682225;
38336627;452682225;452682227;
38336627;452682227;452682230;
38336627;452682230;452682234;
38336627;452682234;452682238;
38336627;452682238;452682240;
38336627;452682240;2939688592;
38336627;2939688592;2940931378;
38336627;2940931378;2940931372;
231325189;2397188712;3140319385;
8367133;25632467;3563723607;
8367133;3563723607;513936352;
8367133;513936352;1143316537;
8367133;1143316537;1165604083;
8367133;1165604083;25632466;
227716471;2363578580;2363578568;
8367104;2912188495;2912188486;
8367104;2912188486;2912188492;
8367104;2912188492;2912188490;
8367104;2912188490;2912188496;
8367104;2912188496;2937870610;
8367104;2937870610;129533454;
8367104;129533454;25632417;
8367104;25632417;3392939485;
8367104;3392939485;2937870609;
8367104;2937870609;3690635855;
8367104;3690635855;25632401;
8367104;25632401;1209790922;
8367104;1209790922;25632402;
8367104;25632402;3392939470;
8367104;3392939470;3694518900;
8367104;3694518900;2366154047;
8367104;2366154047;25632403;
8367104;25632403;2366154016;
8367104;2366154016;2366098060;
8367104;2366098060;25632404;
8367104;25632404;3392939463;
8367104;3392939463;3392939462;
8367104;3392939462;1278184346;
309850502;3396198845;3151894353;
309850502;3151894353;3151894354;
309850506;474544824;3151895462;
309850506;3151895462;3151895463;
309850506;3151895463;3151895464;
309850506;3151895464;3151895465;
309850506;3151895465;3151895466;
309850504;3151894358;3151894360;
309850504;3151894360;3151894359;
309850505;3151894360;3151895461;
309946468;3152805767;3152805768;
309946468;3152805768;3152805769;
309946468;3152805769;3152805777;
309946468;3152805777;3152805770;
309946468;3152805770;3152805771;
309946468;3152805771;3152805772;
309946468;3152805772;3152805773;
309946468;3152805773;3152805774;
309946469;3152805766;3152805775;
309946469;3152805775;3152805778;
309946469;3152805778;3152805776;
309946469;3152805776;3152805777;
309946470;3152805778;3152805779;
309946470;3152805779;3152805780;
309946471;3152805779;3152805781;
309945301;474541524;3152793551;
309945301;3152793551;3152794979;
309945301;3152794979;3152793555;
309945301;3152793555;3152794980;
309945301;3152794980;3152794981;
309945301;3152794981;3152794982;
309983299;3153342961;3153342962;
309983299;3153342962;3153341347;
309983300;3153342963;3153342964;
309983301;3153342965;3153342966;
310304680;3157212422;3157212423;
310305518;3157226903;3157229007;
310305518;3157229007;3157245367;
310305518;3157245367;3157245366;
310305518;3157245366;3157237201;
310305518;3157237201;3157229028;
310305518;3157229028;3157226906;
310408556;3158291752;3158291753;
310408556;3158291753;3158291754;
310408556;3158291754;3158291755;
310408556;3158291755;3158291756;
310408556;3158291756;3158291757;
310408556;3158291757;3158291758;
310408556;3158291758;3158291759;
310408556;3158291759;3158291760;
310408556;3158291760;3158294361;
310408556;3158294361;3158291752;
310408556;3158291752;3158294362;
310408556;3158294362;3147570616;
310408556;3147570616;3158294363;
290446564;2939688592;2939688599;
290446564;2939688599;2939690202;
290446564;2939690202;2939688595;
310746310;3162256068;3162256069;
310746310;3162256069;3162256070;
310746310;3162256070;3162256071;
310746310;3162256071;3162256072;
310746310;3162256072;3162256073;
310746311;3162256071;3162256074;
310786269;474676240;474676238;
310892311;3163927496;3163927502;
310892311;3163927502;3163927497;
310892312;3163927498;3163927497;
310892312;3163927497;3163927500;
310892312;3163927500;3163927499;
310892313;3163927500;3163927501;
332479933;3396198846;3153361319;
309983298;3153341344;3153341345;
309983298;3153341345;3396198846;
309983298;3396198846;3153341346;
309983298;3153341346;3153341347;
309983298;3153341347;3153341348;
309983298;3153341348;3153342963;
309983298;3153342963;3153342968;
309983298;3153342968;3153342965;
309983298;3153342965;3153341349;
309983298;3153341349;3153341350;
309983298;3153341350;3153341351;
309983298;3153341351;3153341352;
309983298;3153341352;3153341353;
309983298;3153341353;3153341354;
309983298;3153341354;3153341355;
309983298;3153341355;3153341356;
309983298;3153341356;3153341357;
309983298;3153341357;3153341358;
309983298;3153341358;3153341359;
309983298;3153341359;3153341360;
336758567;414905254;2025540186;
336758567;2025540186;126638962;
336758567;126638962;299614241;
336758567;299614241;404765916;
336758567;404765916;411842396;
336758567;411842396;299614078;
337598661;3446686442;3446686446;
337598661;3446686446;3446686444;
337598661;3446686444;3446686445;
337598663;3446686446;3446686447;
337598659;3446686441;3446686442;
337598660;3446686442;3446686443;
287648784;2912182800;3392939997;
287648784;3392939997;2912182795;
287648784;2912182795;2912182799;
287648784;2912182799;2912182798;
287648784;2912182798;2912182797;
287648784;2912182797;2912182796;
287648368;2912181005;2912181002;
287648368;2912181002;2912181007;
287648368;2912181007;2912181001;
287648368;2912181001;2912181006;
287648368;2912181006;3392939998;
287648368;3392939998;2912181003;
287648900;452682249;452682270;
287906089;2914696271;3392711360;
287906089;3392711360;2914696276;
287906089;2914696276;2914696273;
287906089;2914696273;2914696272;
290580548;2940944679;2940944686;
290580546;2940944687;2940944679;
290580546;2940944679;2940944695;
290580549;2940944686;2940944903;
290580549;2940944903;2940944907;
290586123;2939688593;2939688591;
290586123;2939688591;3392939993;
290586123;3392939993;2939688589;
290586125;2939688595;2939688596;
290586125;2939688596;2939690204;
290586125;2939690204;2939688590;
290586125;2939688590;2939690201;
290586125;2939690201;2939688593;
290446567;2939690205;2939688594;
290446567;2939688594;2939688597;
290446567;2939688597;2939688600;
290446567;2939688600;2939688593;
304688481;25632454;3092699099;
304688481;3092699099;3392939999;
304688481;3392939999;3092699111;
304688481;3092699111;2940956814;
304688481;2940956814;452682218;
304688482;2940944695;3092699113;
304688482;3092699113;1887601134;
304690305;3092747271;3092747265;
304690305;3092747265;3092747276;
304690305;3092747276;3092747264;
304690305;3092747264;3092747263;
305708885;3103787350;3103770912;
306780114;138210915;2455291499;
306780114;2455291499;474780271;
306780114;474780271;474780284;
306780114;474780284;474780307;
306780114;474780307;474780313;
306780114;474780313;473859168;
306780114;473859168;473849954;
306780234;474546975;474546977;
306780234;474546977;474546980;
306780234;474546980;474546983;
306780234;474546983;474546985;
306780234;474546985;474546987;
306780234;474546987;126617427;
306780234;126617427;474546948;
306780458;137992807;137993129;
306780458;137993129;129548930;
306780458;129548930;137993249;
307088020;3121467180;3121467182;
307088020;3121467182;3121467183;
307088020;3121467183;3121467181;
307090815;1293997462;343646840;
307090815;343646840;1216789882;
307090815;1216789882;343646841;
307126889;474676250;474681706;
308766174;3140319385;2397188714;
308766174;2397188714;2397188709;
308766174;2397188709;2397188722;
308766174;2397188722;2397188716;
308766174;2397188716;2397188730;
308766174;2397188730;2397188731;
308766174;2397188731;2397188728;
308766174;2397188728;2397188715;
308766174;2397188715;2397188717;
308766174;2397188717;2397188708;
308766174;2397188708;2397188721;
308766174;2397188721;2397188720;
308769686;474544816;3140361000;
308769686;3140361000;3140361001;
308769686;3140361001;3152670753;
308769686;3152670753;3140361002;
308769686;3140361002;3140361003;
308771431;474553713;474553715;
308771431;474553715;474553716;
308771431;474553716;474553717;
308771431;474553717;474551122;
308771430;3140385691;3140385688;
308771430;3140385688;3140385689;
308771430;3140385689;3140385690;
308771432;3140385691;474553711;
308771432;474553711;474553712;
308771432;474553712;474553713;
308771715;3140393452;3140393453;
308771715;3140393453;3140393454;
309387164;3147163296;3147163297;
309425930;3147589758;3147589762;
309425930;3147589762;3147589759;
309425930;3147589759;3147589760;
309425930;3147589760;3147589761;
309425930;3147589761;3147589762;
309548445;3148917487;3148917491;
309548445;3148917491;3148917488;
309548445;3148917488;3148917489;
309548445;3148917489;3148917490;
309550976;3148938224;475073428;
309550976;475073428;3148938216;
309550976;3148938216;3148938217;
309550976;3148938217;3148938218;
309550976;3148938218;3148938219;
309550976;3148938219;3148938220;
309550976;3148938220;3148938221;
309550976;3148938221;3148938222;
309550976;3148938222;3148938223;
309550976;3148938223;475073428;
309550975;3148938210;3148938214;
309550975;3148938214;3148938211;
309550975;3148938211;3148938212;
309550975;3148938212;3148938213;
309550975;3148938213;3148938222;
309609104;3149449341;3147563234;
309609105;3147563234;3149449342;
309609105;3149449342;3149449343;
309609105;3149449343;3149449344;
309609105;3149449344;3151883335;
309609105;3151883335;3149449345;
309609105;3149449345;3149449346;
309609105;3149449346;3151883336;
309613712;3149497581;3149497582;
309613712;3149497582;3149497583;
309613712;3149497583;3149497584;
309613712;3149497584;3149497585;
309613712;3149497585;3149497586;
309613711;3149497579;3396198979;
309613711;3396198979;3149497581;
309613711;3149497581;3149497580;
309613709;3149497574;3149497576;
309613709;3149497576;3149497584;
309613709;3149497584;3149497575;
309613710;474682647;3396198969;
309613710;3396198969;3149497582;
309613710;3149497582;3149497578;
309609103;3149449339;3396198945;
309609103;3396198945;3149449341;
309609103;3149449341;3149497586;
309609103;3149497586;3149449340;
318745009;475352608;475352085;
318745009;475352085;475352084;
318745009;475352084;475352082;
350625243;3563723606;3563723607;
350915445;25632427;25632426;
350915445;25632426;25632425;
350915448;25632427;1043000779;
350915448;1043000779;25632428;
350915450;138252374;25632521;
350915450;25632521;25632466;
350915450;25632466;2053571360;
350915450;2053571360;25632429;
350915450;25632429;3563651998;
350915450;3563651998;126647309;
350915450;126647309;126646458;
350915450;126646458;129555296;
350915451;138252374;513921037;
351205816;3569459093;3569459094;
351205818;3569459095;3569459094;
351205818;3569459094;3569459096;
351205818;3569459096;3569459097;
351205818;3569459097;3569459098;
351205818;3569459098;3569459099;
351205818;3569459099;3569459100;
306780233;474549120;474549115;
306780233;474549115;474549111;
306780233;474549111;474549109;
306780233;474549109;474549107;
306780233;474549107;474549103;
306780233;474549103;3140393452;
306780233;3140393452;474549101;
306780233;474549101;3652922413;
365461932;3694747850;3694747849;
365578412;3694660029;3694660030;
365452182;3695777926;3694660029;
386440056;3897692279;3897692277;
386440056;3897692277;3897692275;
386440057;3897692274;3897692276;
386440057;3897692276;3897692278;
386440172;122452420;3897692259;
386440172;3897692259;2363578556;
386440172;2363578556;3897692257;
386440172;3897692257;2363578534;
386440344;3897692178;3897692185;
386440344;3897692185;475352608;
386690150;3900445951;3900445952;
388048413;138210915;473859815;
388048416;473859811;2455291500;
388048416;2455291500;474729164;
388048416;474729164;1111353963;
388048416;1111353963;1111353957;
388048417;138208397;1111353957;
405520660;4077112087;4077112090;
405520660;4077112090;4077112092;
405520660;4077112092;4077112088;
